c xordecomp X half: n=72 k=12 rank(Hpar)=30 candidates=56 verified_generators=6 r=2 spans=yes decision=decompose method=max-gain greedy plan_cpu=0.000s
c xordecomp X generator: blockshift L=6
c xordecomp X perm: 1 2 3 4 5 0 7 8 9 10 11 6 13 14 15 16 17 12 19 20 21 22 23 18 25 26 27 28 29 24 31 32 33 34 35 30 37 38 39 40 41 36 43 44 45 46 47 42 49 50 51 52 53 48 55 56 57 58 59 54 61 62 63 64 65 60 67 68 69 70 71 66
c xordecomp X generator: 2dshift-a L=6 (2x3)
c xordecomp X perm: 3 4 5 0 1 2 9 10 11 6 7 8 15 16 17 12 13 14 21 22 23 18 19 20 27 28 29 24 25 26 33 34 35 30 31 32 39 40 41 36 37 38 45 46 47 42 43 44 51 52 53 48 49 50 57 58 59 54 55 56 63 64 65 60 61 62 69 70 71 66 67 68
c xordecomp X generator: 2dshift-a L=6 (3x2)
c xordecomp X perm: 2 3 4 5 0 1 8 9 10 11 6 7 14 15 16 17 12 13 20 21 22 23 18 19 26 27 28 29 24 25 32 33 34 35 30 31 38 39 40 41 36 37 44 45 46 47 42 43 50 51 52 53 48 49 56 57 58 59 54 55 62 63 64 65 60 61 68 69 70 71 66 67
c xordecomp X generator: 2dshift-a L=36 (2x18)
c xordecomp X perm: 18 19 20 21 22 23 24 25 26 27 28 29 30 31 32 33 34 35 0 1 2 3 4 5 6 7 8 9 10 11 12 13 14 15 16 17 54 55 56 57 58 59 60 61 62 63 64 65 66 67 68 69 70 71 36 37 38 39 40 41 42 43 44 45 46 47 48 49 50 51 52 53
c xordecomp X generator: 2dshift-a L=36 (3x12)
c xordecomp X perm: 12 13 14 15 16 17 18 19 20 21 22 23 24 25 26 27 28 29 30 31 32 33 34 35 0 1 2 3 4 5 6 7 8 9 10 11 48 49 50 51 52 53 54 55 56 57 58 59 60 61 62 63 64 65 66 67 68 69 70 71 36 37 38 39 40 41 42 43 44 45 46 47
c xordecomp X generator: 2dshift-a L=36 (6x6)
c xordecomp X perm: 6 7 8 9 10 11 12 13 14 15 16 17 18 19 20 21 22 23 24 25 26 27 28 29 30 31 32 33 34 35 0 1 2 3 4 5 42 43 44 45 46 47 48 49 50 51 52 53 54 55 56 57 58 59 60 61 62 63 64 65 66 67 68 69 70 71 36 37 38 39 40 41
c xordecomp X chosen rows: 0 8
c xordecomp Z half: n=72 k=12 rank(Hpar)=30 candidates=56 verified_generators=6 r=2 spans=yes decision=decompose method=max-gain greedy plan_cpu=0.001s
c xordecomp Z generator: blockshift L=6
c xordecomp Z perm: 1 2 3 4 5 0 7 8 9 10 11 6 13 14 15 16 17 12 19 20 21 22 23 18 25 26 27 28 29 24 31 32 33 34 35 30 37 38 39 40 41 36 43 44 45 46 47 42 49 50 51 52 53 48 55 56 57 58 59 54 61 62 63 64 65 60 67 68 69 70 71 66
c xordecomp Z generator: 2dshift-a L=6 (2x3)
c xordecomp Z perm: 3 4 5 0 1 2 9 10 11 6 7 8 15 16 17 12 13 14 21 22 23 18 19 20 27 28 29 24 25 26 33 34 35 30 31 32 39 40 41 36 37 38 45 46 47 42 43 44 51 52 53 48 49 50 57 58 59 54 55 56 63 64 65 60 61 62 69 70 71 66 67 68
c xordecomp Z generator: 2dshift-a L=6 (3x2)
c xordecomp Z perm: 2 3 4 5 0 1 8 9 10 11 6 7 14 15 16 17 12 13 20 21 22 23 18 19 26 27 28 29 24 25 32 33 34 35 30 31 38 39 40 41 36 37 44 45 46 47 42 43 50 51 52 53 48 49 56 57 58 59 54 55 62 63 64 65 60 61 68 69 70 71 66 67
c xordecomp Z generator: 2dshift-a L=36 (2x18)
c xordecomp Z perm: 18 19 20 21 22 23 24 25 26 27 28 29 30 31 32 33 34 35 0 1 2 3 4 5 6 7 8 9 10 11 12 13 14 15 16 17 54 55 56 57 58 59 60 61 62 63 64 65 66 67 68 69 70 71 36 37 38 39 40 41 42 43 44 45 46 47 48 49 50 51 52 53
c xordecomp Z generator: 2dshift-a L=36 (3x12)
c xordecomp Z perm: 12 13 14 15 16 17 18 19 20 21 22 23 24 25 26 27 28 29 30 31 32 33 34 35 0 1 2 3 4 5 6 7 8 9 10 11 48 49 50 51 52 53 54 55 56 57 58 59 60 61 62 63 64 65 66 67 68 69 70 71 36 37 38 39 40 41 42 43 44 45 46 47
c xordecomp Z generator: 2dshift-a L=36 (6x6)
c xordecomp Z perm: 6 7 8 9 10 11 12 13 14 15 16 17 18 19 20 21 22 23 24 25 26 27 28 29 30 31 32 33 34 35 0 1 2 3 4 5 42 43 44 45 46 47 48 49 50 51 52 53 54 55 56 57 58 59 60 61 62 63 64 65 66 67 68 69 70 71 36 37 38 39 40 41
c xordecomp Z chosen rows: 0 8
