c xordecomp X half: n=136 k=32 rank(Hpar)=52 candidates=27 verified_generators=2 r=>5 spans=no decision=fallback-OR method=max-gain greedy plan_cpu=0.002s
c xordecomp X generator: blockshift L=4
c xordecomp X perm: 1 2 3 0 5 6 7 4 9 10 11 8 13 14 15 12 17 18 19 16 21 22 23 20 25 26 27 24 29 30 31 28 33 34 35 32 37 38 39 36 41 42 43 40 45 46 47 44 49 50 51 48 53 54 55 52 57 58 59 56 61 62 63 60 65 66 67 64 69 70 71 68 73 74 75 72 77 78 79 76 81 82 83 80 85 86 87 84 89 90 91 88 93 94 95 92 97 98 99 96 101 102 103 100 105 106 107 104 109 110 111 108 113 114 115 112 117 118 119 116 121 122 123 120 125 126 127 124 129 130 131 128 133 134 135 132
c xordecomp X generator: 2dshift-a L=4 (2x2)
c xordecomp X perm: 2 3 0 1 6 7 4 5 10 11 8 9 14 15 12 13 18 19 16 17 22 23 20 21 26 27 24 25 30 31 28 29 34 35 32 33 38 39 36 37 42 43 40 41 46 47 44 45 50 51 48 49 54 55 52 53 58 59 56 57 62 63 60 61 66 67 64 65 70 71 68 69 74 75 72 73 78 79 76 77 82 83 80 81 86 87 84 85 90 91 88 89 94 95 92 93 98 99 96 97 102 103 100 101 106 107 104 105 110 111 108 109 114 115 112 113 118 119 116 117 122 123 120 121 126 127 124 125 130 131 128 129 134 135 132 133
c xordecomp X chosen rows: 8 15 18 25 0
c xordecomp Z half: n=136 k=32 rank(Hpar)=52 candidates=27 verified_generators=2 r=>5 spans=no decision=fallback-OR method=max-gain greedy plan_cpu=0.002s
c xordecomp Z generator: blockshift L=4
c xordecomp Z perm: 1 2 3 0 5 6 7 4 9 10 11 8 13 14 15 12 17 18 19 16 21 22 23 20 25 26 27 24 29 30 31 28 33 34 35 32 37 38 39 36 41 42 43 40 45 46 47 44 49 50 51 48 53 54 55 52 57 58 59 56 61 62 63 60 65 66 67 64 69 70 71 68 73 74 75 72 77 78 79 76 81 82 83 80 85 86 87 84 89 90 91 88 93 94 95 92 97 98 99 96 101 102 103 100 105 106 107 104 109 110 111 108 113 114 115 112 117 118 119 116 121 122 123 120 125 126 127 124 129 130 131 128 133 134 135 132
c xordecomp Z generator: 2dshift-a L=4 (2x2)
c xordecomp Z perm: 2 3 0 1 6 7 4 5 10 11 8 9 14 15 12 13 18 19 16 17 22 23 20 21 26 27 24 25 30 31 28 29 34 35 32 33 38 39 36 37 42 43 40 41 46 47 44 45 50 51 48 49 54 55 52 53 58 59 56 57 62 63 60 61 66 67 64 65 70 71 68 69 74 75 72 73 78 79 76 77 82 83 80 81 86 87 84 85 90 91 88 89 94 95 92 93 98 99 96 97 102 103 100 101 106 107 104 105 110 111 108 109 114 115 112 113 118 119 116 117 122 123 120 121 126 127 124 125 130 131 128 129 134 135 132 133
c xordecomp Z chosen rows: 2 6 20 22 0
