c xordecomp X half: n=216 k=4 rank(Hpar)=106 candidates=95 verified_generators=2 r=2 spans=yes decision=decompose method=max-gain greedy plan_cpu=0.002s
c xordecomp X generator: blockshift L=2
c xordecomp X perm: 1 0 3 2 5 4 7 6 9 8 11 10 13 12 15 14 17 16 19 18 21 20 23 22 25 24 27 26 29 28 31 30 33 32 35 34 37 36 39 38 41 40 43 42 45 44 47 46 49 48 51 50 53 52 55 54 57 56 59 58 61 60 63 62 65 64 67 66 69 68 71 70 73 72 75 74 77 76 79 78 81 80 83 82 85 84 87 86 89 88 91 90 93 92 95 94 97 96 99 98 101 100 103 102 105 104 107 106 109 108 111 110 113 112 115 114 117 116 119 118 121 120 123 122 125 124 127 126 129 128 131 130 133 132 135 134 137 136 139 138 141 140 143 142 145 144 147 146 149 148 151 150 153 152 155 154 157 156 159 158 161 160 163 162 165 164 167 166 169 168 171 170 173 172 175 174 177 176 179 178 181 180 183 182 185 184 187 186 189 188 191 190 193 192 195 194 197 196 199 198 201 200 203 202 205 204 207 206 209 208 211 210 213 212 215 214
c xordecomp X generator: 2dshift-a L=6 (3x2)
c xordecomp X perm: 2 3 4 5 0 1 8 9 10 11 6 7 14 15 16 17 12 13 20 21 22 23 18 19 26 27 28 29 24 25 32 33 34 35 30 31 38 39 40 41 36 37 44 45 46 47 42 43 50 51 52 53 48 49 56 57 58 59 54 55 62 63 64 65 60 61 68 69 70 71 66 67 74 75 76 77 72 73 80 81 82 83 78 79 86 87 88 89 84 85 92 93 94 95 90 91 98 99 100 101 96 97 104 105 106 107 102 103 110 111 112 113 108 109 116 117 118 119 114 115 122 123 124 125 120 121 128 129 130 131 126 127 134 135 136 137 132 133 140 141 142 143 138 139 146 147 148 149 144 145 152 153 154 155 150 151 158 159 160 161 156 157 164 165 166 167 162 163 170 171 172 173 168 169 176 177 178 179 174 175 182 183 184 185 180 181 188 189 190 191 186 187 194 195 196 197 192 193 200 201 202 203 198 199 206 207 208 209 204 205 212 213 214 215 210 211
c xordecomp X chosen rows: 0 2
c xordecomp Z half: n=216 k=4 rank(Hpar)=106 candidates=95 verified_generators=2 r=2 spans=yes decision=decompose method=max-gain greedy plan_cpu=0.002s
c xordecomp Z generator: blockshift L=2
c xordecomp Z perm: 1 0 3 2 5 4 7 6 9 8 11 10 13 12 15 14 17 16 19 18 21 20 23 22 25 24 27 26 29 28 31 30 33 32 35 34 37 36 39 38 41 40 43 42 45 44 47 46 49 48 51 50 53 52 55 54 57 56 59 58 61 60 63 62 65 64 67 66 69 68 71 70 73 72 75 74 77 76 79 78 81 80 83 82 85 84 87 86 89 88 91 90 93 92 95 94 97 96 99 98 101 100 103 102 105 104 107 106 109 108 111 110 113 112 115 114 117 116 119 118 121 120 123 122 125 124 127 126 129 128 131 130 133 132 135 134 137 136 139 138 141 140 143 142 145 144 147 146 149 148 151 150 153 152 155 154 157 156 159 158 161 160 163 162 165 164 167 166 169 168 171 170 173 172 175 174 177 176 179 178 181 180 183 182 185 184 187 186 189 188 191 190 193 192 195 194 197 196 199 198 201 200 203 202 205 204 207 206 209 208 211 210 213 212 215 214
c xordecomp Z generator: 2dshift-a L=6 (3x2)
c xordecomp Z perm: 2 3 4 5 0 1 8 9 10 11 6 7 14 15 16 17 12 13 20 21 22 23 18 19 26 27 28 29 24 25 32 33 34 35 30 31 38 39 40 41 36 37 44 45 46 47 42 43 50 51 52 53 48 49 56 57 58 59 54 55 62 63 64 65 60 61 68 69 70 71 66 67 74 75 76 77 72 73 80 81 82 83 78 79 86 87 88 89 84 85 92 93 94 95 90 91 98 99 100 101 96 97 104 105 106 107 102 103 110 111 112 113 108 109 116 117 118 119 114 115 122 123 124 125 120 121 128 129 130 131 126 127 134 135 136 137 132 133 140 141 142 143 138 139 146 147 148 149 144 145 152 153 154 155 150 151 158 159 160 161 156 157 164 165 166 167 162 163 170 171 172 173 168 169 176 177 178 179 174 175 182 183 184 185 180 181 188 189 190 191 186 187 194 195 196 197 192 193 200 201 202 203 198 199 206 207 208 209 204 205 212 213 214 215 210 211
c xordecomp Z chosen rows: 0 2
