c xordecomp X half: n=504 k=2 rank(Hpar)=251 candidates=173 verified_generators=2 r=2 spans=yes decision=fallback-OR method=max-gain greedy plan_cpu=0.007s
c xordecomp X generator: blockshift L=2
c xordecomp X perm: 1 0 3 2 5 4 7 6 9 8 11 10 13 12 15 14 17 16 19 18 21 20 23 22 25 24 27 26 29 28 31 30 33 32 35 34 37 36 39 38 41 40 43 42 45 44 47 46 49 48 51 50 53 52 55 54 57 56 59 58 61 60 63 62 65 64 67 66 69 68 71 70 73 72 75 74 77 76 79 78 81 80 83 82 85 84 87 86 89 88 91 90 93 92 95 94 97 96 99 98 101 100 103 102 105 104 107 106 109 108 111 110 113 112 115 114 117 116 119 118 121 120 123 122 125 124 127 126 129 128 131 130 133 132 135 134 137 136 139 138 141 140 143 142 145 144 147 146 149 148 151 150 153 152 155 154 157 156 159 158 161 160 163 162 165 164 167 166 169 168 171 170 173 172 175 174 177 176 179 178 181 180 183 182 185 184 187 186 189 188 191 190 193 192 195 194 197 196 199 198 201 200 203 202 205 204 207 206 209 208 211 210 213 212 215 214 217 216 219 218 221 220 223 222 225 224 227 226 229 228 231 230 233 232 235 234 237 236 239 238 241 240 243 242 245 244 247 246 249 248 251 250 253 252 255 254 257 256 259 258 261 260 263 262 265 264 267 266 269 268 271 270 273 272 275 274 277 276 279 278 281 280 283 282 285 284 287 286 289 288 291 290 293 292 295 294 297 296 299 298 301 300 303 302 305 304 307 306 309 308 311 310 313 312 315 314 317 316 319 318 321 320 323 322 325 324 327 326 329 328 331 330 333 332 335 334 337 336 339 338 341 340 343 342 345 344 347 346 349 348 351 350 353 352 355 354 357 356 359 358 361 360 363 362 365 364 367 366 369 368 371 370 373 372 375 374 377 376 379 378 381 380 383 382 385 384 387 386 389 388 391 390 393 392 395 394 397 396 399 398 401 400 403 402 405 404 407 406 409 408 411 410 413 412 415 414 417 416 419 418 421 420 423 422 425 424 427 426 429 428 431 430 433 432 435 434 437 436 439 438 441 440 443 442 445 444 447 446 449 448 451 450 453 452 455 454 457 456 459 458 461 460 463 462 465 464 467 466 469 468 471 470 473 472 475 474 477 476 479 478 481 480 483 482 485 484 487 486 489 488 491 490 493 492 495 494 497 496 499 498 501 500 503 502
c xordecomp X generator: 2dshift-a L=14 (7x2)
c xordecomp X perm: 2 3 4 5 6 7 8 9 10 11 12 13 0 1 16 17 18 19 20 21 22 23 24 25 26 27 14 15 30 31 32 33 34 35 36 37 38 39 40 41 28 29 44 45 46 47 48 49 50 51 52 53 54 55 42 43 58 59 60 61 62 63 64 65 66 67 68 69 56 57 72 73 74 75 76 77 78 79 80 81 82 83 70 71 86 87 88 89 90 91 92 93 94 95 96 97 84 85 100 101 102 103 104 105 106 107 108 109 110 111 98 99 114 115 116 117 118 119 120 121 122 123 124 125 112 113 128 129 130 131 132 133 134 135 136 137 138 139 126 127 142 143 144 145 146 147 148 149 150 151 152 153 140 141 156 157 158 159 160 161 162 163 164 165 166 167 154 155 170 171 172 173 174 175 176 177 178 179 180 181 168 169 184 185 186 187 188 189 190 191 192 193 194 195 182 183 198 199 200 201 202 203 204 205 206 207 208 209 196 197 212 213 214 215 216 217 218 219 220 221 222 223 210 211 226 227 228 229 230 231 232 233 234 235 236 237 224 225 240 241 242 243 244 245 246 247 248 249 250 251 238 239 254 255 256 257 258 259 260 261 262 263 264 265 252 253 268 269 270 271 272 273 274 275 276 277 278 279 266 267 282 283 284 285 286 287 288 289 290 291 292 293 280 281 296 297 298 299 300 301 302 303 304 305 306 307 294 295 310 311 312 313 314 315 316 317 318 319 320 321 308 309 324 325 326 327 328 329 330 331 332 333 334 335 322 323 338 339 340 341 342 343 344 345 346 347 348 349 336 337 352 353 354 355 356 357 358 359 360 361 362 363 350 351 366 367 368 369 370 371 372 373 374 375 376 377 364 365 380 381 382 383 384 385 386 387 388 389 390 391 378 379 394 395 396 397 398 399 400 401 402 403 404 405 392 393 408 409 410 411 412 413 414 415 416 417 418 419 406 407 422 423 424 425 426 427 428 429 430 431 432 433 420 421 436 437 438 439 440 441 442 443 444 445 446 447 434 435 450 451 452 453 454 455 456 457 458 459 460 461 448 449 464 465 466 467 468 469 470 471 472 473 474 475 462 463 478 479 480 481 482 483 484 485 486 487 488 489 476 477 492 493 494 495 496 497 498 499 500 501 502 503 490 491
c xordecomp X chosen rows: 0 1
c xordecomp Z half: n=504 k=2 rank(Hpar)=251 candidates=173 verified_generators=2 r=2 spans=yes decision=fallback-OR method=max-gain greedy plan_cpu=0.006s
c xordecomp Z generator: blockshift L=2
c xordecomp Z perm: 1 0 3 2 5 4 7 6 9 8 11 10 13 12 15 14 17 16 19 18 21 20 23 22 25 24 27 26 29 28 31 30 33 32 35 34 37 36 39 38 41 40 43 42 45 44 47 46 49 48 51 50 53 52 55 54 57 56 59 58 61 60 63 62 65 64 67 66 69 68 71 70 73 72 75 74 77 76 79 78 81 80 83 82 85 84 87 86 89 88 91 90 93 92 95 94 97 96 99 98 101 100 103 102 105 104 107 106 109 108 111 110 113 112 115 114 117 116 119 118 121 120 123 122 125 124 127 126 129 128 131 130 133 132 135 134 137 136 139 138 141 140 143 142 145 144 147 146 149 148 151 150 153 152 155 154 157 156 159 158 161 160 163 162 165 164 167 166 169 168 171 170 173 172 175 174 177 176 179 178 181 180 183 182 185 184 187 186 189 188 191 190 193 192 195 194 197 196 199 198 201 200 203 202 205 204 207 206 209 208 211 210 213 212 215 214 217 216 219 218 221 220 223 222 225 224 227 226 229 228 231 230 233 232 235 234 237 236 239 238 241 240 243 242 245 244 247 246 249 248 251 250 253 252 255 254 257 256 259 258 261 260 263 262 265 264 267 266 269 268 271 270 273 272 275 274 277 276 279 278 281 280 283 282 285 284 287 286 289 288 291 290 293 292 295 294 297 296 299 298 301 300 303 302 305 304 307 306 309 308 311 310 313 312 315 314 317 316 319 318 321 320 323 322 325 324 327 326 329 328 331 330 333 332 335 334 337 336 339 338 341 340 343 342 345 344 347 346 349 348 351 350 353 352 355 354 357 356 359 358 361 360 363 362 365 364 367 366 369 368 371 370 373 372 375 374 377 376 379 378 381 380 383 382 385 384 387 386 389 388 391 390 393 392 395 394 397 396 399 398 401 400 403 402 405 404 407 406 409 408 411 410 413 412 415 414 417 416 419 418 421 420 423 422 425 424 427 426 429 428 431 430 433 432 435 434 437 436 439 438 441 440 443 442 445 444 447 446 449 448 451 450 453 452 455 454 457 456 459 458 461 460 463 462 465 464 467 466 469 468 471 470 473 472 475 474 477 476 479 478 481 480 483 482 485 484 487 486 489 488 491 490 493 492 495 494 497 496 499 498 501 500 503 502
c xordecomp Z generator: 2dshift-a L=14 (7x2)
c xordecomp Z perm: 2 3 4 5 6 7 8 9 10 11 12 13 0 1 16 17 18 19 20 21 22 23 24 25 26 27 14 15 30 31 32 33 34 35 36 37 38 39 40 41 28 29 44 45 46 47 48 49 50 51 52 53 54 55 42 43 58 59 60 61 62 63 64 65 66 67 68 69 56 57 72 73 74 75 76 77 78 79 80 81 82 83 70 71 86 87 88 89 90 91 92 93 94 95 96 97 84 85 100 101 102 103 104 105 106 107 108 109 110 111 98 99 114 115 116 117 118 119 120 121 122 123 124 125 112 113 128 129 130 131 132 133 134 135 136 137 138 139 126 127 142 143 144 145 146 147 148 149 150 151 152 153 140 141 156 157 158 159 160 161 162 163 164 165 166 167 154 155 170 171 172 173 174 175 176 177 178 179 180 181 168 169 184 185 186 187 188 189 190 191 192 193 194 195 182 183 198 199 200 201 202 203 204 205 206 207 208 209 196 197 212 213 214 215 216 217 218 219 220 221 222 223 210 211 226 227 228 229 230 231 232 233 234 235 236 237 224 225 240 241 242 243 244 245 246 247 248 249 250 251 238 239 254 255 256 257 258 259 260 261 262 263 264 265 252 253 268 269 270 271 272 273 274 275 276 277 278 279 266 267 282 283 284 285 286 287 288 289 290 291 292 293 280 281 296 297 298 299 300 301 302 303 304 305 306 307 294 295 310 311 312 313 314 315 316 317 318 319 320 321 308 309 324 325 326 327 328 329 330 331 332 333 334 335 322 323 338 339 340 341 342 343 344 345 346 347 348 349 336 337 352 353 354 355 356 357 358 359 360 361 362 363 350 351 366 367 368 369 370 371 372 373 374 375 376 377 364 365 380 381 382 383 384 385 386 387 388 389 390 391 378 379 394 395 396 397 398 399 400 401 402 403 404 405 392 393 408 409 410 411 412 413 414 415 416 417 418 419 406 407 422 423 424 425 426 427 428 429 430 431 432 433 420 421 436 437 438 439 440 441 442 443 444 445 446 447 434 435 450 451 452 453 454 455 456 457 458 459 460 461 448 449 464 465 466 467 468 469 470 471 472 473 474 475 462 463 478 479 480 481 482 483 484 485 486 487 488 489 476 477 492 493 494 495 496 497 498 499 500 501 502 503 490 491
c xordecomp Z chosen rows: 0 1
