c xordecomp X half: n=144 k=14 rank(Hpar)=65 candidates=86 verified_generators=8 r=3 spans=yes decision=decompose method=max-gain greedy plan_cpu=0.000s
c xordecomp X generator: blockshift L=6
c xordecomp X perm: 1 2 3 4 5 0 7 8 9 10 11 6 13 14 15 16 17 12 19 20 21 22 23 18 25 26 27 28 29 24 31 32 33 34 35 30 37 38 39 40 41 36 43 44 45 46 47 42 49 50 51 52 53 48 55 56 57 58 59 54 61 62 63 64 65 60 67 68 69 70 71 66 73 74 75 76 77 72 79 80 81 82 83 78 85 86 87 88 89 84 91 92 93 94 95 90 97 98 99 100 101 96 103 104 105 106 107 102 109 110 111 112 113 108 115 116 117 118 119 114 121 122 123 124 125 120 127 128 129 130 131 126 133 134 135 136 137 132 139 140 141 142 143 138
c xordecomp X generator: 2dshift-a L=6 (2x3)
c xordecomp X perm: 3 4 5 0 1 2 9 10 11 6 7 8 15 16 17 12 13 14 21 22 23 18 19 20 27 28 29 24 25 26 33 34 35 30 31 32 39 40 41 36 37 38 45 46 47 42 43 44 51 52 53 48 49 50 57 58 59 54 55 56 63 64 65 60 61 62 69 70 71 66 67 68 75 76 77 72 73 74 81 82 83 78 79 80 87 88 89 84 85 86 93 94 95 90 91 92 99 100 101 96 97 98 105 106 107 102 103 104 111 112 113 108 109 110 117 118 119 114 115 116 123 124 125 120 121 122 129 130 131 126 127 128 135 136 137 132 133 134 141 142 143 138 139 140
c xordecomp X generator: 2dshift-a L=6 (3x2)
c xordecomp X perm: 2 3 4 5 0 1 8 9 10 11 6 7 14 15 16 17 12 13 20 21 22 23 18 19 26 27 28 29 24 25 32 33 34 35 30 31 38 39 40 41 36 37 44 45 46 47 42 43 50 51 52 53 48 49 56 57 58 59 54 55 62 63 64 65 60 61 68 69 70 71 66 67 74 75 76 77 72 73 80 81 82 83 78 79 86 87 88 89 84 85 92 93 94 95 90 91 98 99 100 101 96 97 104 105 106 107 102 103 110 111 112 113 108 109 116 117 118 119 114 115 122 123 124 125 120 121 128 129 130 131 126 127 134 135 136 137 132 133 140 141 142 143 138 139
c xordecomp X generator: 2dshift-a L=72 (2x36)
c xordecomp X perm: 36 37 38 39 40 41 42 43 44 45 46 47 48 49 50 51 52 53 54 55 56 57 58 59 60 61 62 63 64 65 66 67 68 69 70 71 0 1 2 3 4 5 6 7 8 9 10 11 12 13 14 15 16 17 18 19 20 21 22 23 24 25 26 27 28 29 30 31 32 33 34 35 108 109 110 111 112 113 114 115 116 117 118 119 120 121 122 123 124 125 126 127 128 129 130 131 132 133 134 135 136 137 138 139 140 141 142 143 72 73 74 75 76 77 78 79 80 81 82 83 84 85 86 87 88 89 90 91 92 93 94 95 96 97 98 99 100 101 102 103 104 105 106 107
c xordecomp X generator: 2dshift-a L=72 (3x24)
c xordecomp X perm: 24 25 26 27 28 29 30 31 32 33 34 35 36 37 38 39 40 41 42 43 44 45 46 47 48 49 50 51 52 53 54 55 56 57 58 59 60 61 62 63 64 65 66 67 68 69 70 71 0 1 2 3 4 5 6 7 8 9 10 11 12 13 14 15 16 17 18 19 20 21 22 23 96 97 98 99 100 101 102 103 104 105 106 107 108 109 110 111 112 113 114 115 116 117 118 119 120 121 122 123 124 125 126 127 128 129 130 131 132 133 134 135 136 137 138 139 140 141 142 143 72 73 74 75 76 77 78 79 80 81 82 83 84 85 86 87 88 89 90 91 92 93 94 95
c xordecomp X generator: 2dshift-a L=72 (4x18)
c xordecomp X perm: 18 19 20 21 22 23 24 25 26 27 28 29 30 31 32 33 34 35 36 37 38 39 40 41 42 43 44 45 46 47 48 49 50 51 52 53 54 55 56 57 58 59 60 61 62 63 64 65 66 67 68 69 70 71 0 1 2 3 4 5 6 7 8 9 10 11 12 13 14 15 16 17 90 91 92 93 94 95 96 97 98 99 100 101 102 103 104 105 106 107 108 109 110 111 112 113 114 115 116 117 118 119 120 121 122 123 124 125 126 127 128 129 130 131 132 133 134 135 136 137 138 139 140 141 142 143 72 73 74 75 76 77 78 79 80 81 82 83 84 85 86 87 88 89
c xordecomp X generator: 2dshift-a L=72 (6x12)
c xordecomp X perm: 12 13 14 15 16 17 18 19 20 21 22 23 24 25 26 27 28 29 30 31 32 33 34 35 36 37 38 39 40 41 42 43 44 45 46 47 48 49 50 51 52 53 54 55 56 57 58 59 60 61 62 63 64 65 66 67 68 69 70 71 0 1 2 3 4 5 6 7 8 9 10 11 84 85 86 87 88 89 90 91 92 93 94 95 96 97 98 99 100 101 102 103 104 105 106 107 108 109 110 111 112 113 114 115 116 117 118 119 120 121 122 123 124 125 126 127 128 129 130 131 132 133 134 135 136 137 138 139 140 141 142 143 72 73 74 75 76 77 78 79 80 81 82 83
c xordecomp X generator: 2dshift-a L=72 (12x6)
c xordecomp X perm: 6 7 8 9 10 11 12 13 14 15 16 17 18 19 20 21 22 23 24 25 26 27 28 29 30 31 32 33 34 35 36 37 38 39 40 41 42 43 44 45 46 47 48 49 50 51 52 53 54 55 56 57 58 59 60 61 62 63 64 65 66 67 68 69 70 71 0 1 2 3 4 5 78 79 80 81 82 83 84 85 86 87 88 89 90 91 92 93 94 95 96 97 98 99 100 101 102 103 104 105 106 107 108 109 110 111 112 113 114 115 116 117 118 119 120 121 122 123 124 125 126 127 128 129 130 131 132 133 134 135 136 137 138 139 140 141 142 143 72 73 74 75 76 77
c xordecomp X chosen rows: 8 10 0
c xordecomp Z half: n=144 k=14 rank(Hpar)=65 candidates=86 verified_generators=8 r=3 spans=yes decision=decompose method=max-gain greedy plan_cpu=0.000s
c xordecomp Z generator: blockshift L=6
c xordecomp Z perm: 1 2 3 4 5 0 7 8 9 10 11 6 13 14 15 16 17 12 19 20 21 22 23 18 25 26 27 28 29 24 31 32 33 34 35 30 37 38 39 40 41 36 43 44 45 46 47 42 49 50 51 52 53 48 55 56 57 58 59 54 61 62 63 64 65 60 67 68 69 70 71 66 73 74 75 76 77 72 79 80 81 82 83 78 85 86 87 88 89 84 91 92 93 94 95 90 97 98 99 100 101 96 103 104 105 106 107 102 109 110 111 112 113 108 115 116 117 118 119 114 121 122 123 124 125 120 127 128 129 130 131 126 133 134 135 136 137 132 139 140 141 142 143 138
c xordecomp Z generator: 2dshift-a L=6 (2x3)
c xordecomp Z perm: 3 4 5 0 1 2 9 10 11 6 7 8 15 16 17 12 13 14 21 22 23 18 19 20 27 28 29 24 25 26 33 34 35 30 31 32 39 40 41 36 37 38 45 46 47 42 43 44 51 52 53 48 49 50 57 58 59 54 55 56 63 64 65 60 61 62 69 70 71 66 67 68 75 76 77 72 73 74 81 82 83 78 79 80 87 88 89 84 85 86 93 94 95 90 91 92 99 100 101 96 97 98 105 106 107 102 103 104 111 112 113 108 109 110 117 118 119 114 115 116 123 124 125 120 121 122 129 130 131 126 127 128 135 136 137 132 133 134 141 142 143 138 139 140
c xordecomp Z generator: 2dshift-a L=6 (3x2)
c xordecomp Z perm: 2 3 4 5 0 1 8 9 10 11 6 7 14 15 16 17 12 13 20 21 22 23 18 19 26 27 28 29 24 25 32 33 34 35 30 31 38 39 40 41 36 37 44 45 46 47 42 43 50 51 52 53 48 49 56 57 58 59 54 55 62 63 64 65 60 61 68 69 70 71 66 67 74 75 76 77 72 73 80 81 82 83 78 79 86 87 88 89 84 85 92 93 94 95 90 91 98 99 100 101 96 97 104 105 106 107 102 103 110 111 112 113 108 109 116 117 118 119 114 115 122 123 124 125 120 121 128 129 130 131 126 127 134 135 136 137 132 133 140 141 142 143 138 139
c xordecomp Z generator: 2dshift-a L=72 (2x36)
c xordecomp Z perm: 36 37 38 39 40 41 42 43 44 45 46 47 48 49 50 51 52 53 54 55 56 57 58 59 60 61 62 63 64 65 66 67 68 69 70 71 0 1 2 3 4 5 6 7 8 9 10 11 12 13 14 15 16 17 18 19 20 21 22 23 24 25 26 27 28 29 30 31 32 33 34 35 108 109 110 111 112 113 114 115 116 117 118 119 120 121 122 123 124 125 126 127 128 129 130 131 132 133 134 135 136 137 138 139 140 141 142 143 72 73 74 75 76 77 78 79 80 81 82 83 84 85 86 87 88 89 90 91 92 93 94 95 96 97 98 99 100 101 102 103 104 105 106 107
c xordecomp Z generator: 2dshift-a L=72 (3x24)
c xordecomp Z perm: 24 25 26 27 28 29 30 31 32 33 34 35 36 37 38 39 40 41 42 43 44 45 46 47 48 49 50 51 52 53 54 55 56 57 58 59 60 61 62 63 64 65 66 67 68 69 70 71 0 1 2 3 4 5 6 7 8 9 10 11 12 13 14 15 16 17 18 19 20 21 22 23 96 97 98 99 100 101 102 103 104 105 106 107 108 109 110 111 112 113 114 115 116 117 118 119 120 121 122 123 124 125 126 127 128 129 130 131 132 133 134 135 136 137 138 139 140 141 142 143 72 73 74 75 76 77 78 79 80 81 82 83 84 85 86 87 88 89 90 91 92 93 94 95
c xordecomp Z generator: 2dshift-a L=72 (4x18)
c xordecomp Z perm: 18 19 20 21 22 23 24 25 26 27 28 29 30 31 32 33 34 35 36 37 38 39 40 41 42 43 44 45 46 47 48 49 50 51 52 53 54 55 56 57 58 59 60 61 62 63 64 65 66 67 68 69 70 71 0 1 2 3 4 5 6 7 8 9 10 11 12 13 14 15 16 17 90 91 92 93 94 95 96 97 98 99 100 101 102 103 104 105 106 107 108 109 110 111 112 113 114 115 116 117 118 119 120 121 122 123 124 125 126 127 128 129 130 131 132 133 134 135 136 137 138 139 140 141 142 143 72 73 74 75 76 77 78 79 80 81 82 83 84 85 86 87 88 89
c xordecomp Z generator: 2dshift-a L=72 (6x12)
c xordecomp Z perm: 12 13 14 15 16 17 18 19 20 21 22 23 24 25 26 27 28 29 30 31 32 33 34 35 36 37 38 39 40 41 42 43 44 45 46 47 48 49 50 51 52 53 54 55 56 57 58 59 60 61 62 63 64 65 66 67 68 69 70 71 0 1 2 3 4 5 6 7 8 9 10 11 84 85 86 87 88 89 90 91 92 93 94 95 96 97 98 99 100 101 102 103 104 105 106 107 108 109 110 111 112 113 114 115 116 117 118 119 120 121 122 123 124 125 126 127 128 129 130 131 132 133 134 135 136 137 138 139 140 141 142 143 72 73 74 75 76 77 78 79 80 81 82 83
c xordecomp Z generator: 2dshift-a L=72 (12x6)
c xordecomp Z perm: 6 7 8 9 10 11 12 13 14 15 16 17 18 19 20 21 22 23 24 25 26 27 28 29 30 31 32 33 34 35 36 37 38 39 40 41 42 43 44 45 46 47 48 49 50 51 52 53 54 55 56 57 58 59 60 61 62 63 64 65 66 67 68 69 70 71 0 1 2 3 4 5 78 79 80 81 82 83 84 85 86 87 88 89 90 91 92 93 94 95 96 97 98 99 100 101 102 103 104 105 106 107 108 109 110 111 112 113 114 115 116 117 118 119 120 121 122 123 124 125 126 127 128 129 130 131 132 133 134 135 136 137 138 139 140 141 142 143 72 73 74 75 76 77
c xordecomp Z chosen rows: 4 11 7
