c xordecomp X half: n=108 k=8 rank(Hpar)=50 candidates=55 verified_generators=5 r=2 spans=yes decision=decompose method=max-gain greedy plan_cpu=0.000s
c xordecomp X generator: blockshift L=9
c xordecomp X perm: 1 2 3 4 5 6 7 8 0 10 11 12 13 14 15 16 17 9 19 20 21 22 23 24 25 26 18 28 29 30 31 32 33 34 35 27 37 38 39 40 41 42 43 44 36 46 47 48 49 50 51 52 53 45 55 56 57 58 59 60 61 62 54 64 65 66 67 68 69 70 71 63 73 74 75 76 77 78 79 80 72 82 83 84 85 86 87 88 89 81 91 92 93 94 95 96 97 98 90 100 101 102 103 104 105 106 107 99
c xordecomp X generator: 2dshift-a L=9 (3x3)
c xordecomp X perm: 3 4 5 6 7 8 0 1 2 12 13 14 15 16 17 9 10 11 21 22 23 24 25 26 18 19 20 30 31 32 33 34 35 27 28 29 39 40 41 42 43 44 36 37 38 48 49 50 51 52 53 45 46 47 57 58 59 60 61 62 54 55 56 66 67 68 69 70 71 63 64 65 75 76 77 78 79 80 72 73 74 84 85 86 87 88 89 81 82 83 93 94 95 96 97 98 90 91 92 102 103 104 105 106 107 99 100 101
c xordecomp X generator: 2dshift-a L=54 (2x27)
c xordecomp X perm: 27 28 29 30 31 32 33 34 35 36 37 38 39 40 41 42 43 44 45 46 47 48 49 50 51 52 53 0 1 2 3 4 5 6 7 8 9 10 11 12 13 14 15 16 17 18 19 20 21 22 23 24 25 26 81 82 83 84 85 86 87 88 89 90 91 92 93 94 95 96 97 98 99 100 101 102 103 104 105 106 107 54 55 56 57 58 59 60 61 62 63 64 65 66 67 68 69 70 71 72 73 74 75 76 77 78 79 80
c xordecomp X generator: 2dshift-a L=54 (3x18)
c xordecomp X perm: 18 19 20 21 22 23 24 25 26 27 28 29 30 31 32 33 34 35 36 37 38 39 40 41 42 43 44 45 46 47 48 49 50 51 52 53 0 1 2 3 4 5 6 7 8 9 10 11 12 13 14 15 16 17 72 73 74 75 76 77 78 79 80 81 82 83 84 85 86 87 88 89 90 91 92 93 94 95 96 97 98 99 100 101 102 103 104 105 106 107 54 55 56 57 58 59 60 61 62 63 64 65 66 67 68 69 70 71
c xordecomp X generator: 2dshift-a L=54 (6x9)
c xordecomp X perm: 9 10 11 12 13 14 15 16 17 18 19 20 21 22 23 24 25 26 27 28 29 30 31 32 33 34 35 36 37 38 39 40 41 42 43 44 45 46 47 48 49 50 51 52 53 0 1 2 3 4 5 6 7 8 63 64 65 66 67 68 69 70 71 72 73 74 75 76 77 78 79 80 81 82 83 84 85 86 87 88 89 90 91 92 93 94 95 96 97 98 99 100 101 102 103 104 105 106 107 54 55 56 57 58 59 60 61 62
c xordecomp X chosen rows: 0 4
c xordecomp Z half: n=108 k=8 rank(Hpar)=50 candidates=55 verified_generators=5 r=2 spans=yes decision=decompose method=max-gain greedy plan_cpu=0.000s
c xordecomp Z generator: blockshift L=9
c xordecomp Z perm: 1 2 3 4 5 6 7 8 0 10 11 12 13 14 15 16 17 9 19 20 21 22 23 24 25 26 18 28 29 30 31 32 33 34 35 27 37 38 39 40 41 42 43 44 36 46 47 48 49 50 51 52 53 45 55 56 57 58 59 60 61 62 54 64 65 66 67 68 69 70 71 63 73 74 75 76 77 78 79 80 72 82 83 84 85 86 87 88 89 81 91 92 93 94 95 96 97 98 90 100 101 102 103 104 105 106 107 99
c xordecomp Z generator: 2dshift-a L=9 (3x3)
c xordecomp Z perm: 3 4 5 6 7 8 0 1 2 12 13 14 15 16 17 9 10 11 21 22 23 24 25 26 18 19 20 30 31 32 33 34 35 27 28 29 39 40 41 42 43 44 36 37 38 48 49 50 51 52 53 45 46 47 57 58 59 60 61 62 54 55 56 66 67 68 69 70 71 63 64 65 75 76 77 78 79 80 72 73 74 84 85 86 87 88 89 81 82 83 93 94 95 96 97 98 90 91 92 102 103 104 105 106 107 99 100 101
c xordecomp Z generator: 2dshift-a L=54 (2x27)
c xordecomp Z perm: 27 28 29 30 31 32 33 34 35 36 37 38 39 40 41 42 43 44 45 46 47 48 49 50 51 52 53 0 1 2 3 4 5 6 7 8 9 10 11 12 13 14 15 16 17 18 19 20 21 22 23 24 25 26 81 82 83 84 85 86 87 88 89 90 91 92 93 94 95 96 97 98 99 100 101 102 103 104 105 106 107 54 55 56 57 58 59 60 61 62 63 64 65 66 67 68 69 70 71 72 73 74 75 76 77 78 79 80
c xordecomp Z generator: 2dshift-a L=54 (3x18)
c xordecomp Z perm: 18 19 20 21 22 23 24 25 26 27 28 29 30 31 32 33 34 35 36 37 38 39 40 41 42 43 44 45 46 47 48 49 50 51 52 53 0 1 2 3 4 5 6 7 8 9 10 11 12 13 14 15 16 17 72 73 74 75 76 77 78 79 80 81 82 83 84 85 86 87 88 89 90 91 92 93 94 95 96 97 98 99 100 101 102 103 104 105 106 107 54 55 56 57 58 59 60 61 62 63 64 65 66 67 68 69 70 71
c xordecomp Z generator: 2dshift-a L=54 (6x9)
c xordecomp Z perm: 9 10 11 12 13 14 15 16 17 18 19 20 21 22 23 24 25 26 27 28 29 30 31 32 33 34 35 36 37 38 39 40 41 42 43 44 45 46 47 48 49 50 51 52 53 0 1 2 3 4 5 6 7 8 63 64 65 66 67 68 69 70 71 72 73 74 75 76 77 78 79 80 81 82 83 84 85 86 87 88 89 90 91 92 93 94 95 96 97 98 99 100 101 102 103 104 105 106 107 54 55 56 57 58 59 60 61 62
c xordecomp Z chosen rows: 0 4
