c xordecomp X half: n=288 k=12 rank(Hpar)=138 candidates=122 verified_generators=10 r=2 spans=yes decision=decompose method=max-gain greedy plan_cpu=0.001s
c xordecomp X generator: blockshift L=12
c xordecomp X perm: 1 2 3 4 5 6 7 8 9 10 11 0 13 14 15 16 17 18 19 20 21 22 23 12 25 26 27 28 29 30 31 32 33 34 35 24 37 38 39 40 41 42 43 44 45 46 47 36 49 50 51 52 53 54 55 56 57 58 59 48 61 62 63 64 65 66 67 68 69 70 71 60 73 74 75 76 77 78 79 80 81 82 83 72 85 86 87 88 89 90 91 92 93 94 95 84 97 98 99 100 101 102 103 104 105 106 107 96 109 110 111 112 113 114 115 116 117 118 119 108 121 122 123 124 125 126 127 128 129 130 131 120 133 134 135 136 137 138 139 140 141 142 143 132 145 146 147 148 149 150 151 152 153 154 155 144 157 158 159 160 161 162 163 164 165 166 167 156 169 170 171 172 173 174 175 176 177 178 179 168 181 182 183 184 185 186 187 188 189 190 191 180 193 194 195 196 197 198 199 200 201 202 203 192 205 206 207 208 209 210 211 212 213 214 215 204 217 218 219 220 221 222 223 224 225 226 227 216 229 230 231 232 233 234 235 236 237 238 239 228 241 242 243 244 245 246 247 248 249 250 251 240 253 254 255 256 257 258 259 260 261 262 263 252 265 266 267 268 269 270 271 272 273 274 275 264 277 278 279 280 281 282 283 284 285 286 287 276
c xordecomp X generator: 2dshift-a L=12 (2x6)
c xordecomp X perm: 6 7 8 9 10 11 0 1 2 3 4 5 18 19 20 21 22 23 12 13 14 15 16 17 30 31 32 33 34 35 24 25 26 27 28 29 42 43 44 45 46 47 36 37 38 39 40 41 54 55 56 57 58 59 48 49 50 51 52 53 66 67 68 69 70 71 60 61 62 63 64 65 78 79 80 81 82 83 72 73 74 75 76 77 90 91 92 93 94 95 84 85 86 87 88 89 102 103 104 105 106 107 96 97 98 99 100 101 114 115 116 117 118 119 108 109 110 111 112 113 126 127 128 129 130 131 120 121 122 123 124 125 138 139 140 141 142 143 132 133 134 135 136 137 150 151 152 153 154 155 144 145 146 147 148 149 162 163 164 165 166 167 156 157 158 159 160 161 174 175 176 177 178 179 168 169 170 171 172 173 186 187 188 189 190 191 180 181 182 183 184 185 198 199 200 201 202 203 192 193 194 195 196 197 210 211 212 213 214 215 204 205 206 207 208 209 222 223 224 225 226 227 216 217 218 219 220 221 234 235 236 237 238 239 228 229 230 231 232 233 246 247 248 249 250 251 240 241 242 243 244 245 258 259 260 261 262 263 252 253 254 255 256 257 270 271 272 273 274 275 264 265 266 267 268 269 282 283 284 285 286 287 276 277 278 279 280 281
c xordecomp X generator: 2dshift-a L=12 (3x4)
c xordecomp X perm: 4 5 6 7 8 9 10 11 0 1 2 3 16 17 18 19 20 21 22 23 12 13 14 15 28 29 30 31 32 33 34 35 24 25 26 27 40 41 42 43 44 45 46 47 36 37 38 39 52 53 54 55 56 57 58 59 48 49 50 51 64 65 66 67 68 69 70 71 60 61 62 63 76 77 78 79 80 81 82 83 72 73 74 75 88 89 90 91 92 93 94 95 84 85 86 87 100 101 102 103 104 105 106 107 96 97 98 99 112 113 114 115 116 117 118 119 108 109 110 111 124 125 126 127 128 129 130 131 120 121 122 123 136 137 138 139 140 141 142 143 132 133 134 135 148 149 150 151 152 153 154 155 144 145 146 147 160 161 162 163 164 165 166 167 156 157 158 159 172 173 174 175 176 177 178 179 168 169 170 171 184 185 186 187 188 189 190 191 180 181 182 183 196 197 198 199 200 201 202 203 192 193 194 195 208 209 210 211 212 213 214 215 204 205 206 207 220 221 222 223 224 225 226 227 216 217 218 219 232 233 234 235 236 237 238 239 228 229 230 231 244 245 246 247 248 249 250 251 240 241 242 243 256 257 258 259 260 261 262 263 252 253 254 255 268 269 270 271 272 273 274 275 264 265 266 267 280 281 282 283 284 285 286 287 276 277 278 279
c xordecomp X generator: 2dshift-a L=12 (4x3)
c xordecomp X perm: 3 4 5 6 7 8 9 10 11 0 1 2 15 16 17 18 19 20 21 22 23 12 13 14 27 28 29 30 31 32 33 34 35 24 25 26 39 40 41 42 43 44 45 46 47 36 37 38 51 52 53 54 55 56 57 58 59 48 49 50 63 64 65 66 67 68 69 70 71 60 61 62 75 76 77 78 79 80 81 82 83 72 73 74 87 88 89 90 91 92 93 94 95 84 85 86 99 100 101 102 103 104 105 106 107 96 97 98 111 112 113 114 115 116 117 118 119 108 109 110 123 124 125 126 127 128 129 130 131 120 121 122 135 136 137 138 139 140 141 142 143 132 133 134 147 148 149 150 151 152 153 154 155 144 145 146 159 160 161 162 163 164 165 166 167 156 157 158 171 172 173 174 175 176 177 178 179 168 169 170 183 184 185 186 187 188 189 190 191 180 181 182 195 196 197 198 199 200 201 202 203 192 193 194 207 208 209 210 211 212 213 214 215 204 205 206 219 220 221 222 223 224 225 226 227 216 217 218 231 232 233 234 235 236 237 238 239 228 229 230 243 244 245 246 247 248 249 250 251 240 241 242 255 256 257 258 259 260 261 262 263 252 253 254 267 268 269 270 271 272 273 274 275 264 265 266 279 280 281 282 283 284 285 286 287 276 277 278
c xordecomp X generator: 2dshift-a L=12 (6x2)
c xordecomp X perm: 2 3 4 5 6 7 8 9 10 11 0 1 14 15 16 17 18 19 20 21 22 23 12 13 26 27 28 29 30 31 32 33 34 35 24 25 38 39 40 41 42 43 44 45 46 47 36 37 50 51 52 53 54 55 56 57 58 59 48 49 62 63 64 65 66 67 68 69 70 71 60 61 74 75 76 77 78 79 80 81 82 83 72 73 86 87 88 89 90 91 92 93 94 95 84 85 98 99 100 101 102 103 104 105 106 107 96 97 110 111 112 113 114 115 116 117 118 119 108 109 122 123 124 125 126 127 128 129 130 131 120 121 134 135 136 137 138 139 140 141 142 143 132 133 146 147 148 149 150 151 152 153 154 155 144 145 158 159 160 161 162 163 164 165 166 167 156 157 170 171 172 173 174 175 176 177 178 179 168 169 182 183 184 185 186 187 188 189 190 191 180 181 194 195 196 197 198 199 200 201 202 203 192 193 206 207 208 209 210 211 212 213 214 215 204 205 218 219 220 221 222 223 224 225 226 227 216 217 230 231 232 233 234 235 236 237 238 239 228 229 242 243 244 245 246 247 248 249 250 251 240 241 254 255 256 257 258 259 260 261 262 263 252 253 266 267 268 269 270 271 272 273 274 275 264 265 278 279 280 281 282 283 284 285 286 287 276 277
c xordecomp X generator: 2dshift-a L=144 (2x72)
c xordecomp X perm: 72 73 74 75 76 77 78 79 80 81 82 83 84 85 86 87 88 89 90 91 92 93 94 95 96 97 98 99 100 101 102 103 104 105 106 107 108 109 110 111 112 113 114 115 116 117 118 119 120 121 122 123 124 125 126 127 128 129 130 131 132 133 134 135 136 137 138 139 140 141 142 143 0 1 2 3 4 5 6 7 8 9 10 11 12 13 14 15 16 17 18 19 20 21 22 23 24 25 26 27 28 29 30 31 32 33 34 35 36 37 38 39 40 41 42 43 44 45 46 47 48 49 50 51 52 53 54 55 56 57 58 59 60 61 62 63 64 65 66 67 68 69 70 71 216 217 218 219 220 221 222 223 224 225 226 227 228 229 230 231 232 233 234 235 236 237 238 239 240 241 242 243 244 245 246 247 248 249 250 251 252 253 254 255 256 257 258 259 260 261 262 263 264 265 266 267 268 269 270 271 272 273 274 275 276 277 278 279 280 281 282 283 284 285 286 287 144 145 146 147 148 149 150 151 152 153 154 155 156 157 158 159 160 161 162 163 164 165 166 167 168 169 170 171 172 173 174 175 176 177 178 179 180 181 182 183 184 185 186 187 188 189 190 191 192 193 194 195 196 197 198 199 200 201 202 203 204 205 206 207 208 209 210 211 212 213 214 215
c xordecomp X generator: 2dshift-a L=144 (3x48)
c xordecomp X perm: 48 49 50 51 52 53 54 55 56 57 58 59 60 61 62 63 64 65 66 67 68 69 70 71 72 73 74 75 76 77 78 79 80 81 82 83 84 85 86 87 88 89 90 91 92 93 94 95 96 97 98 99 100 101 102 103 104 105 106 107 108 109 110 111 112 113 114 115 116 117 118 119 120 121 122 123 124 125 126 127 128 129 130 131 132 133 134 135 136 137 138 139 140 141 142 143 0 1 2 3 4 5 6 7 8 9 10 11 12 13 14 15 16 17 18 19 20 21 22 23 24 25 26 27 28 29 30 31 32 33 34 35 36 37 38 39 40 41 42 43 44 45 46 47 192 193 194 195 196 197 198 199 200 201 202 203 204 205 206 207 208 209 210 211 212 213 214 215 216 217 218 219 220 221 222 223 224 225 226 227 228 229 230 231 232 233 234 235 236 237 238 239 240 241 242 243 244 245 246 247 248 249 250 251 252 253 254 255 256 257 258 259 260 261 262 263 264 265 266 267 268 269 270 271 272 273 274 275 276 277 278 279 280 281 282 283 284 285 286 287 144 145 146 147 148 149 150 151 152 153 154 155 156 157 158 159 160 161 162 163 164 165 166 167 168 169 170 171 172 173 174 175 176 177 178 179 180 181 182 183 184 185 186 187 188 189 190 191
c xordecomp X generator: 2dshift-a L=144 (4x36)
c xordecomp X perm: 36 37 38 39 40 41 42 43 44 45 46 47 48 49 50 51 52 53 54 55 56 57 58 59 60 61 62 63 64 65 66 67 68 69 70 71 72 73 74 75 76 77 78 79 80 81 82 83 84 85 86 87 88 89 90 91 92 93 94 95 96 97 98 99 100 101 102 103 104 105 106 107 108 109 110 111 112 113 114 115 116 117 118 119 120 121 122 123 124 125 126 127 128 129 130 131 132 133 134 135 136 137 138 139 140 141 142 143 0 1 2 3 4 5 6 7 8 9 10 11 12 13 14 15 16 17 18 19 20 21 22 23 24 25 26 27 28 29 30 31 32 33 34 35 180 181 182 183 184 185 186 187 188 189 190 191 192 193 194 195 196 197 198 199 200 201 202 203 204 205 206 207 208 209 210 211 212 213 214 215 216 217 218 219 220 221 222 223 224 225 226 227 228 229 230 231 232 233 234 235 236 237 238 239 240 241 242 243 244 245 246 247 248 249 250 251 252 253 254 255 256 257 258 259 260 261 262 263 264 265 266 267 268 269 270 271 272 273 274 275 276 277 278 279 280 281 282 283 284 285 286 287 144 145 146 147 148 149 150 151 152 153 154 155 156 157 158 159 160 161 162 163 164 165 166 167 168 169 170 171 172 173 174 175 176 177 178 179
c xordecomp X generator: 2dshift-a L=144 (6x24)
c xordecomp X perm: 24 25 26 27 28 29 30 31 32 33 34 35 36 37 38 39 40 41 42 43 44 45 46 47 48 49 50 51 52 53 54 55 56 57 58 59 60 61 62 63 64 65 66 67 68 69 70 71 72 73 74 75 76 77 78 79 80 81 82 83 84 85 86 87 88 89 90 91 92 93 94 95 96 97 98 99 100 101 102 103 104 105 106 107 108 109 110 111 112 113 114 115 116 117 118 119 120 121 122 123 124 125 126 127 128 129 130 131 132 133 134 135 136 137 138 139 140 141 142 143 0 1 2 3 4 5 6 7 8 9 10 11 12 13 14 15 16 17 18 19 20 21 22 23 168 169 170 171 172 173 174 175 176 177 178 179 180 181 182 183 184 185 186 187 188 189 190 191 192 193 194 195 196 197 198 199 200 201 202 203 204 205 206 207 208 209 210 211 212 213 214 215 216 217 218 219 220 221 222 223 224 225 226 227 228 229 230 231 232 233 234 235 236 237 238 239 240 241 242 243 244 245 246 247 248 249 250 251 252 253 254 255 256 257 258 259 260 261 262 263 264 265 266 267 268 269 270 271 272 273 274 275 276 277 278 279 280 281 282 283 284 285 286 287 144 145 146 147 148 149 150 151 152 153 154 155 156 157 158 159 160 161 162 163 164 165 166 167
c xordecomp X generator: 2dshift-a L=144 (12x12)
c xordecomp X perm: 12 13 14 15 16 17 18 19 20 21 22 23 24 25 26 27 28 29 30 31 32 33 34 35 36 37 38 39 40 41 42 43 44 45 46 47 48 49 50 51 52 53 54 55 56 57 58 59 60 61 62 63 64 65 66 67 68 69 70 71 72 73 74 75 76 77 78 79 80 81 82 83 84 85 86 87 88 89 90 91 92 93 94 95 96 97 98 99 100 101 102 103 104 105 106 107 108 109 110 111 112 113 114 115 116 117 118 119 120 121 122 123 124 125 126 127 128 129 130 131 132 133 134 135 136 137 138 139 140 141 142 143 0 1 2 3 4 5 6 7 8 9 10 11 156 157 158 159 160 161 162 163 164 165 166 167 168 169 170 171 172 173 174 175 176 177 178 179 180 181 182 183 184 185 186 187 188 189 190 191 192 193 194 195 196 197 198 199 200 201 202 203 204 205 206 207 208 209 210 211 212 213 214 215 216 217 218 219 220 221 222 223 224 225 226 227 228 229 230 231 232 233 234 235 236 237 238 239 240 241 242 243 244 245 246 247 248 249 250 251 252 253 254 255 256 257 258 259 260 261 262 263 264 265 266 267 268 269 270 271 272 273 274 275 276 277 278 279 280 281 282 283 284 285 286 287 144 145 146 147 148 149 150 151 152 153 154 155
c xordecomp X chosen rows: 0 8
c xordecomp Z half: n=288 k=12 rank(Hpar)=138 candidates=122 verified_generators=10 r=2 spans=yes decision=decompose method=max-gain greedy plan_cpu=0.001s
c xordecomp Z generator: blockshift L=12
c xordecomp Z perm: 1 2 3 4 5 6 7 8 9 10 11 0 13 14 15 16 17 18 19 20 21 22 23 12 25 26 27 28 29 30 31 32 33 34 35 24 37 38 39 40 41 42 43 44 45 46 47 36 49 50 51 52 53 54 55 56 57 58 59 48 61 62 63 64 65 66 67 68 69 70 71 60 73 74 75 76 77 78 79 80 81 82 83 72 85 86 87 88 89 90 91 92 93 94 95 84 97 98 99 100 101 102 103 104 105 106 107 96 109 110 111 112 113 114 115 116 117 118 119 108 121 122 123 124 125 126 127 128 129 130 131 120 133 134 135 136 137 138 139 140 141 142 143 132 145 146 147 148 149 150 151 152 153 154 155 144 157 158 159 160 161 162 163 164 165 166 167 156 169 170 171 172 173 174 175 176 177 178 179 168 181 182 183 184 185 186 187 188 189 190 191 180 193 194 195 196 197 198 199 200 201 202 203 192 205 206 207 208 209 210 211 212 213 214 215 204 217 218 219 220 221 222 223 224 225 226 227 216 229 230 231 232 233 234 235 236 237 238 239 228 241 242 243 244 245 246 247 248 249 250 251 240 253 254 255 256 257 258 259 260 261 262 263 252 265 266 267 268 269 270 271 272 273 274 275 264 277 278 279 280 281 282 283 284 285 286 287 276
c xordecomp Z generator: 2dshift-a L=12 (2x6)
c xordecomp Z perm: 6 7 8 9 10 11 0 1 2 3 4 5 18 19 20 21 22 23 12 13 14 15 16 17 30 31 32 33 34 35 24 25 26 27 28 29 42 43 44 45 46 47 36 37 38 39 40 41 54 55 56 57 58 59 48 49 50 51 52 53 66 67 68 69 70 71 60 61 62 63 64 65 78 79 80 81 82 83 72 73 74 75 76 77 90 91 92 93 94 95 84 85 86 87 88 89 102 103 104 105 106 107 96 97 98 99 100 101 114 115 116 117 118 119 108 109 110 111 112 113 126 127 128 129 130 131 120 121 122 123 124 125 138 139 140 141 142 143 132 133 134 135 136 137 150 151 152 153 154 155 144 145 146 147 148 149 162 163 164 165 166 167 156 157 158 159 160 161 174 175 176 177 178 179 168 169 170 171 172 173 186 187 188 189 190 191 180 181 182 183 184 185 198 199 200 201 202 203 192 193 194 195 196 197 210 211 212 213 214 215 204 205 206 207 208 209 222 223 224 225 226 227 216 217 218 219 220 221 234 235 236 237 238 239 228 229 230 231 232 233 246 247 248 249 250 251 240 241 242 243 244 245 258 259 260 261 262 263 252 253 254 255 256 257 270 271 272 273 274 275 264 265 266 267 268 269 282 283 284 285 286 287 276 277 278 279 280 281
c xordecomp Z generator: 2dshift-a L=12 (3x4)
c xordecomp Z perm: 4 5 6 7 8 9 10 11 0 1 2 3 16 17 18 19 20 21 22 23 12 13 14 15 28 29 30 31 32 33 34 35 24 25 26 27 40 41 42 43 44 45 46 47 36 37 38 39 52 53 54 55 56 57 58 59 48 49 50 51 64 65 66 67 68 69 70 71 60 61 62 63 76 77 78 79 80 81 82 83 72 73 74 75 88 89 90 91 92 93 94 95 84 85 86 87 100 101 102 103 104 105 106 107 96 97 98 99 112 113 114 115 116 117 118 119 108 109 110 111 124 125 126 127 128 129 130 131 120 121 122 123 136 137 138 139 140 141 142 143 132 133 134 135 148 149 150 151 152 153 154 155 144 145 146 147 160 161 162 163 164 165 166 167 156 157 158 159 172 173 174 175 176 177 178 179 168 169 170 171 184 185 186 187 188 189 190 191 180 181 182 183 196 197 198 199 200 201 202 203 192 193 194 195 208 209 210 211 212 213 214 215 204 205 206 207 220 221 222 223 224 225 226 227 216 217 218 219 232 233 234 235 236 237 238 239 228 229 230 231 244 245 246 247 248 249 250 251 240 241 242 243 256 257 258 259 260 261 262 263 252 253 254 255 268 269 270 271 272 273 274 275 264 265 266 267 280 281 282 283 284 285 286 287 276 277 278 279
c xordecomp Z generator: 2dshift-a L=12 (4x3)
c xordecomp Z perm: 3 4 5 6 7 8 9 10 11 0 1 2 15 16 17 18 19 20 21 22 23 12 13 14 27 28 29 30 31 32 33 34 35 24 25 26 39 40 41 42 43 44 45 46 47 36 37 38 51 52 53 54 55 56 57 58 59 48 49 50 63 64 65 66 67 68 69 70 71 60 61 62 75 76 77 78 79 80 81 82 83 72 73 74 87 88 89 90 91 92 93 94 95 84 85 86 99 100 101 102 103 104 105 106 107 96 97 98 111 112 113 114 115 116 117 118 119 108 109 110 123 124 125 126 127 128 129 130 131 120 121 122 135 136 137 138 139 140 141 142 143 132 133 134 147 148 149 150 151 152 153 154 155 144 145 146 159 160 161 162 163 164 165 166 167 156 157 158 171 172 173 174 175 176 177 178 179 168 169 170 183 184 185 186 187 188 189 190 191 180 181 182 195 196 197 198 199 200 201 202 203 192 193 194 207 208 209 210 211 212 213 214 215 204 205 206 219 220 221 222 223 224 225 226 227 216 217 218 231 232 233 234 235 236 237 238 239 228 229 230 243 244 245 246 247 248 249 250 251 240 241 242 255 256 257 258 259 260 261 262 263 252 253 254 267 268 269 270 271 272 273 274 275 264 265 266 279 280 281 282 283 284 285 286 287 276 277 278
c xordecomp Z generator: 2dshift-a L=12 (6x2)
c xordecomp Z perm: 2 3 4 5 6 7 8 9 10 11 0 1 14 15 16 17 18 19 20 21 22 23 12 13 26 27 28 29 30 31 32 33 34 35 24 25 38 39 40 41 42 43 44 45 46 47 36 37 50 51 52 53 54 55 56 57 58 59 48 49 62 63 64 65 66 67 68 69 70 71 60 61 74 75 76 77 78 79 80 81 82 83 72 73 86 87 88 89 90 91 92 93 94 95 84 85 98 99 100 101 102 103 104 105 106 107 96 97 110 111 112 113 114 115 116 117 118 119 108 109 122 123 124 125 126 127 128 129 130 131 120 121 134 135 136 137 138 139 140 141 142 143 132 133 146 147 148 149 150 151 152 153 154 155 144 145 158 159 160 161 162 163 164 165 166 167 156 157 170 171 172 173 174 175 176 177 178 179 168 169 182 183 184 185 186 187 188 189 190 191 180 181 194 195 196 197 198 199 200 201 202 203 192 193 206 207 208 209 210 211 212 213 214 215 204 205 218 219 220 221 222 223 224 225 226 227 216 217 230 231 232 233 234 235 236 237 238 239 228 229 242 243 244 245 246 247 248 249 250 251 240 241 254 255 256 257 258 259 260 261 262 263 252 253 266 267 268 269 270 271 272 273 274 275 264 265 278 279 280 281 282 283 284 285 286 287 276 277
c xordecomp Z generator: 2dshift-a L=144 (2x72)
c xordecomp Z perm: 72 73 74 75 76 77 78 79 80 81 82 83 84 85 86 87 88 89 90 91 92 93 94 95 96 97 98 99 100 101 102 103 104 105 106 107 108 109 110 111 112 113 114 115 116 117 118 119 120 121 122 123 124 125 126 127 128 129 130 131 132 133 134 135 136 137 138 139 140 141 142 143 0 1 2 3 4 5 6 7 8 9 10 11 12 13 14 15 16 17 18 19 20 21 22 23 24 25 26 27 28 29 30 31 32 33 34 35 36 37 38 39 40 41 42 43 44 45 46 47 48 49 50 51 52 53 54 55 56 57 58 59 60 61 62 63 64 65 66 67 68 69 70 71 216 217 218 219 220 221 222 223 224 225 226 227 228 229 230 231 232 233 234 235 236 237 238 239 240 241 242 243 244 245 246 247 248 249 250 251 252 253 254 255 256 257 258 259 260 261 262 263 264 265 266 267 268 269 270 271 272 273 274 275 276 277 278 279 280 281 282 283 284 285 286 287 144 145 146 147 148 149 150 151 152 153 154 155 156 157 158 159 160 161 162 163 164 165 166 167 168 169 170 171 172 173 174 175 176 177 178 179 180 181 182 183 184 185 186 187 188 189 190 191 192 193 194 195 196 197 198 199 200 201 202 203 204 205 206 207 208 209 210 211 212 213 214 215
c xordecomp Z generator: 2dshift-a L=144 (3x48)
c xordecomp Z perm: 48 49 50 51 52 53 54 55 56 57 58 59 60 61 62 63 64 65 66 67 68 69 70 71 72 73 74 75 76 77 78 79 80 81 82 83 84 85 86 87 88 89 90 91 92 93 94 95 96 97 98 99 100 101 102 103 104 105 106 107 108 109 110 111 112 113 114 115 116 117 118 119 120 121 122 123 124 125 126 127 128 129 130 131 132 133 134 135 136 137 138 139 140 141 142 143 0 1 2 3 4 5 6 7 8 9 10 11 12 13 14 15 16 17 18 19 20 21 22 23 24 25 26 27 28 29 30 31 32 33 34 35 36 37 38 39 40 41 42 43 44 45 46 47 192 193 194 195 196 197 198 199 200 201 202 203 204 205 206 207 208 209 210 211 212 213 214 215 216 217 218 219 220 221 222 223 224 225 226 227 228 229 230 231 232 233 234 235 236 237 238 239 240 241 242 243 244 245 246 247 248 249 250 251 252 253 254 255 256 257 258 259 260 261 262 263 264 265 266 267 268 269 270 271 272 273 274 275 276 277 278 279 280 281 282 283 284 285 286 287 144 145 146 147 148 149 150 151 152 153 154 155 156 157 158 159 160 161 162 163 164 165 166 167 168 169 170 171 172 173 174 175 176 177 178 179 180 181 182 183 184 185 186 187 188 189 190 191
c xordecomp Z generator: 2dshift-a L=144 (4x36)
c xordecomp Z perm: 36 37 38 39 40 41 42 43 44 45 46 47 48 49 50 51 52 53 54 55 56 57 58 59 60 61 62 63 64 65 66 67 68 69 70 71 72 73 74 75 76 77 78 79 80 81 82 83 84 85 86 87 88 89 90 91 92 93 94 95 96 97 98 99 100 101 102 103 104 105 106 107 108 109 110 111 112 113 114 115 116 117 118 119 120 121 122 123 124 125 126 127 128 129 130 131 132 133 134 135 136 137 138 139 140 141 142 143 0 1 2 3 4 5 6 7 8 9 10 11 12 13 14 15 16 17 18 19 20 21 22 23 24 25 26 27 28 29 30 31 32 33 34 35 180 181 182 183 184 185 186 187 188 189 190 191 192 193 194 195 196 197 198 199 200 201 202 203 204 205 206 207 208 209 210 211 212 213 214 215 216 217 218 219 220 221 222 223 224 225 226 227 228 229 230 231 232 233 234 235 236 237 238 239 240 241 242 243 244 245 246 247 248 249 250 251 252 253 254 255 256 257 258 259 260 261 262 263 264 265 266 267 268 269 270 271 272 273 274 275 276 277 278 279 280 281 282 283 284 285 286 287 144 145 146 147 148 149 150 151 152 153 154 155 156 157 158 159 160 161 162 163 164 165 166 167 168 169 170 171 172 173 174 175 176 177 178 179
c xordecomp Z generator: 2dshift-a L=144 (6x24)
c xordecomp Z perm: 24 25 26 27 28 29 30 31 32 33 34 35 36 37 38 39 40 41 42 43 44 45 46 47 48 49 50 51 52 53 54 55 56 57 58 59 60 61 62 63 64 65 66 67 68 69 70 71 72 73 74 75 76 77 78 79 80 81 82 83 84 85 86 87 88 89 90 91 92 93 94 95 96 97 98 99 100 101 102 103 104 105 106 107 108 109 110 111 112 113 114 115 116 117 118 119 120 121 122 123 124 125 126 127 128 129 130 131 132 133 134 135 136 137 138 139 140 141 142 143 0 1 2 3 4 5 6 7 8 9 10 11 12 13 14 15 16 17 18 19 20 21 22 23 168 169 170 171 172 173 174 175 176 177 178 179 180 181 182 183 184 185 186 187 188 189 190 191 192 193 194 195 196 197 198 199 200 201 202 203 204 205 206 207 208 209 210 211 212 213 214 215 216 217 218 219 220 221 222 223 224 225 226 227 228 229 230 231 232 233 234 235 236 237 238 239 240 241 242 243 244 245 246 247 248 249 250 251 252 253 254 255 256 257 258 259 260 261 262 263 264 265 266 267 268 269 270 271 272 273 274 275 276 277 278 279 280 281 282 283 284 285 286 287 144 145 146 147 148 149 150 151 152 153 154 155 156 157 158 159 160 161 162 163 164 165 166 167
c xordecomp Z generator: 2dshift-a L=144 (12x12)
c xordecomp Z perm: 12 13 14 15 16 17 18 19 20 21 22 23 24 25 26 27 28 29 30 31 32 33 34 35 36 37 38 39 40 41 42 43 44 45 46 47 48 49 50 51 52 53 54 55 56 57 58 59 60 61 62 63 64 65 66 67 68 69 70 71 72 73 74 75 76 77 78 79 80 81 82 83 84 85 86 87 88 89 90 91 92 93 94 95 96 97 98 99 100 101 102 103 104 105 106 107 108 109 110 111 112 113 114 115 116 117 118 119 120 121 122 123 124 125 126 127 128 129 130 131 132 133 134 135 136 137 138 139 140 141 142 143 0 1 2 3 4 5 6 7 8 9 10 11 156 157 158 159 160 161 162 163 164 165 166 167 168 169 170 171 172 173 174 175 176 177 178 179 180 181 182 183 184 185 186 187 188 189 190 191 192 193 194 195 196 197 198 199 200 201 202 203 204 205 206 207 208 209 210 211 212 213 214 215 216 217 218 219 220 221 222 223 224 225 226 227 228 229 230 231 232 233 234 235 236 237 238 239 240 241 242 243 244 245 246 247 248 249 250 251 252 253 254 255 256 257 258 259 260 261 262 263 264 265 266 267 268 269 270 271 272 273 274 275 276 277 278 279 280 281 282 283 284 285 286 287 144 145 146 147 148 149 150 151 152 153 154 155
c xordecomp Z chosen rows: 0 8
