c xordecomp X half: n=90 k=8 rank(Hpar)=41 candidates=47 verified_generators=4 r=2 spans=yes decision=decompose method=max-gain greedy plan_cpu=0.000s
c xordecomp X generator: blockshift L=15
c xordecomp X perm: 1 2 3 4 5 6 7 8 9 10 11 12 13 14 0 16 17 18 19 20 21 22 23 24 25 26 27 28 29 15 31 32 33 34 35 36 37 38 39 40 41 42 43 44 30 46 47 48 49 50 51 52 53 54 55 56 57 58 59 45 61 62 63 64 65 66 67 68 69 70 71 72 73 74 60 76 77 78 79 80 81 82 83 84 85 86 87 88 89 75
c xordecomp X generator: 2dshift-a L=15 (3x5)
c xordecomp X perm: 5 6 7 8 9 10 11 12 13 14 0 1 2 3 4 20 21 22 23 24 25 26 27 28 29 15 16 17 18 19 35 36 37 38 39 40 41 42 43 44 30 31 32 33 34 50 51 52 53 54 55 56 57 58 59 45 46 47 48 49 65 66 67 68 69 70 71 72 73 74 60 61 62 63 64 80 81 82 83 84 85 86 87 88 89 75 76 77 78 79
c xordecomp X generator: 2dshift-a L=15 (5x3)
c xordecomp X perm: 3 4 5 6 7 8 9 10 11 12 13 14 0 1 2 18 19 20 21 22 23 24 25 26 27 28 29 15 16 17 33 34 35 36 37 38 39 40 41 42 43 44 30 31 32 48 49 50 51 52 53 54 55 56 57 58 59 45 46 47 63 64 65 66 67 68 69 70 71 72 73 74 60 61 62 78 79 80 81 82 83 84 85 86 87 88 89 75 76 77
c xordecomp X generator: 2dshift-a L=45 (3x15)
c xordecomp X perm: 15 16 17 18 19 20 21 22 23 24 25 26 27 28 29 30 31 32 33 34 35 36 37 38 39 40 41 42 43 44 0 1 2 3 4 5 6 7 8 9 10 11 12 13 14 60 61 62 63 64 65 66 67 68 69 70 71 72 73 74 75 76 77 78 79 80 81 82 83 84 85 86 87 88 89 45 46 47 48 49 50 51 52 53 54 55 56 57 58 59
c xordecomp X chosen rows: 0 4
c xordecomp Z half: n=90 k=8 rank(Hpar)=41 candidates=47 verified_generators=4 r=2 spans=yes decision=decompose method=max-gain greedy plan_cpu=0.000s
c xordecomp Z generator: blockshift L=15
c xordecomp Z perm: 1 2 3 4 5 6 7 8 9 10 11 12 13 14 0 16 17 18 19 20 21 22 23 24 25 26 27 28 29 15 31 32 33 34 35 36 37 38 39 40 41 42 43 44 30 46 47 48 49 50 51 52 53 54 55 56 57 58 59 45 61 62 63 64 65 66 67 68 69 70 71 72 73 74 60 76 77 78 79 80 81 82 83 84 85 86 87 88 89 75
c xordecomp Z generator: 2dshift-a L=15 (3x5)
c xordecomp Z perm: 5 6 7 8 9 10 11 12 13 14 0 1 2 3 4 20 21 22 23 24 25 26 27 28 29 15 16 17 18 19 35 36 37 38 39 40 41 42 43 44 30 31 32 33 34 50 51 52 53 54 55 56 57 58 59 45 46 47 48 49 65 66 67 68 69 70 71 72 73 74 60 61 62 63 64 80 81 82 83 84 85 86 87 88 89 75 76 77 78 79
c xordecomp Z generator: 2dshift-a L=15 (5x3)
c xordecomp Z perm: 3 4 5 6 7 8 9 10 11 12 13 14 0 1 2 18 19 20 21 22 23 24 25 26 27 28 29 15 16 17 33 34 35 36 37 38 39 40 41 42 43 44 30 31 32 48 49 50 51 52 53 54 55 56 57 58 59 45 46 47 63 64 65 66 67 68 69 70 71 72 73 74 60 61 62 78 79 80 81 82 83 84 85 86 87 88 89 75 76 77
c xordecomp Z generator: 2dshift-a L=45 (3x15)
c xordecomp Z perm: 15 16 17 18 19 20 21 22 23 24 25 26 27 28 29 30 31 32 33 34 35 36 37 38 39 40 41 42 43 44 0 1 2 3 4 5 6 7 8 9 10 11 12 13 14 60 61 62 63 64 65 66 67 68 69 70 71 72 73 74 75 76 77 78 79 80 81 82 83 84 85 86 87 88 89 45 46 47 48 49 50 51 52 53 54 55 56 57 58 59
c xordecomp Z chosen rows: 0 4
