c xordecomp X half: n=544 k=80 rank(Hpar)=232 candidates=60 verified_generators=4 r=>5 spans=no decision=fallback-OR method=in-order greedy plan_cpu=0.000s
c xordecomp X generator: blockshift L=16
c xordecomp X perm: 1 2 3 4 5 6 7 8 9 10 11 12 13 14 15 0 17 18 19 20 21 22 23 24 25 26 27 28 29 30 31 16 33 34 35 36 37 38 39 40 41 42 43 44 45 46 47 32 49 50 51 52 53 54 55 56 57 58 59 60 61 62 63 48 65 66 67 68 69 70 71 72 73 74 75 76 77 78 79 64 81 82 83 84 85 86 87 88 89 90 91 92 93 94 95 80 97 98 99 100 101 102 103 104 105 106 107 108 109 110 111 96 113 114 115 116 117 118 119 120 121 122 123 124 125 126 127 112 129 130 131 132 133 134 135 136 137 138 139 140 141 142 143 128 145 146 147 148 149 150 151 152 153 154 155 156 157 158 159 144 161 162 163 164 165 166 167 168 169 170 171 172 173 174 175 160 177 178 179 180 181 182 183 184 185 186 187 188 189 190 191 176 193 194 195 196 197 198 199 200 201 202 203 204 205 206 207 192 209 210 211 212 213 214 215 216 217 218 219 220 221 222 223 208 225 226 227 228 229 230 231 232 233 234 235 236 237 238 239 224 241 242 243 244 245 246 247 248 249 250 251 252 253 254 255 240 257 258 259 260 261 262 263 264 265 266 267 268 269 270 271 256 273 274 275 276 277 278 279 280 281 282 283 284 285 286 287 272 289 290 291 292 293 294 295 296 297 298 299 300 301 302 303 288 305 306 307 308 309 310 311 312 313 314 315 316 317 318 319 304 321 322 323 324 325 326 327 328 329 330 331 332 333 334 335 320 337 338 339 340 341 342 343 344 345 346 347 348 349 350 351 336 353 354 355 356 357 358 359 360 361 362 363 364 365 366 367 352 369 370 371 372 373 374 375 376 377 378 379 380 381 382 383 368 385 386 387 388 389 390 391 392 393 394 395 396 397 398 399 384 401 402 403 404 405 406 407 408 409 410 411 412 413 414 415 400 417 418 419 420 421 422 423 424 425 426 427 428 429 430 431 416 433 434 435 436 437 438 439 440 441 442 443 444 445 446 447 432 449 450 451 452 453 454 455 456 457 458 459 460 461 462 463 448 465 466 467 468 469 470 471 472 473 474 475 476 477 478 479 464 481 482 483 484 485 486 487 488 489 490 491 492 493 494 495 480 497 498 499 500 501 502 503 504 505 506 507 508 509 510 511 496 513 514 515 516 517 518 519 520 521 522 523 524 525 526 527 512 529 530 531 532 533 534 535 536 537 538 539 540 541 542 543 528
c xordecomp X generator: 2dshift-a L=16 (2x8)
c xordecomp X perm: 8 9 10 11 12 13 14 15 0 1 2 3 4 5 6 7 24 25 26 27 28 29 30 31 16 17 18 19 20 21 22 23 40 41 42 43 44 45 46 47 32 33 34 35 36 37 38 39 56 57 58 59 60 61 62 63 48 49 50 51 52 53 54 55 72 73 74 75 76 77 78 79 64 65 66 67 68 69 70 71 88 89 90 91 92 93 94 95 80 81 82 83 84 85 86 87 104 105 106 107 108 109 110 111 96 97 98 99 100 101 102 103 120 121 122 123 124 125 126 127 112 113 114 115 116 117 118 119 136 137 138 139 140 141 142 143 128 129 130 131 132 133 134 135 152 153 154 155 156 157 158 159 144 145 146 147 148 149 150 151 168 169 170 171 172 173 174 175 160 161 162 163 164 165 166 167 184 185 186 187 188 189 190 191 176 177 178 179 180 181 182 183 200 201 202 203 204 205 206 207 192 193 194 195 196 197 198 199 216 217 218 219 220 221 222 223 208 209 210 211 212 213 214 215 232 233 234 235 236 237 238 239 224 225 226 227 228 229 230 231 248 249 250 251 252 253 254 255 240 241 242 243 244 245 246 247 264 265 266 267 268 269 270 271 256 257 258 259 260 261 262 263 280 281 282 283 284 285 286 287 272 273 274 275 276 277 278 279 296 297 298 299 300 301 302 303 288 289 290 291 292 293 294 295 312 313 314 315 316 317 318 319 304 305 306 307 308 309 310 311 328 329 330 331 332 333 334 335 320 321 322 323 324 325 326 327 344 345 346 347 348 349 350 351 336 337 338 339 340 341 342 343 360 361 362 363 364 365 366 367 352 353 354 355 356 357 358 359 376 377 378 379 380 381 382 383 368 369 370 371 372 373 374 375 392 393 394 395 396 397 398 399 384 385 386 387 388 389 390 391 408 409 410 411 412 413 414 415 400 401 402 403 404 405 406 407 424 425 426 427 428 429 430 431 416 417 418 419 420 421 422 423 440 441 442 443 444 445 446 447 432 433 434 435 436 437 438 439 456 457 458 459 460 461 462 463 448 449 450 451 452 453 454 455 472 473 474 475 476 477 478 479 464 465 466 467 468 469 470 471 488 489 490 491 492 493 494 495 480 481 482 483 484 485 486 487 504 505 506 507 508 509 510 511 496 497 498 499 500 501 502 503 520 521 522 523 524 525 526 527 512 513 514 515 516 517 518 519 536 537 538 539 540 541 542 543 528 529 530 531 532 533 534 535
c xordecomp X generator: 2dshift-a L=16 (4x4)
c xordecomp X perm: 4 5 6 7 8 9 10 11 12 13 14 15 0 1 2 3 20 21 22 23 24 25 26 27 28 29 30 31 16 17 18 19 36 37 38 39 40 41 42 43 44 45 46 47 32 33 34 35 52 53 54 55 56 57 58 59 60 61 62 63 48 49 50 51 68 69 70 71 72 73 74 75 76 77 78 79 64 65 66 67 84 85 86 87 88 89 90 91 92 93 94 95 80 81 82 83 100 101 102 103 104 105 106 107 108 109 110 111 96 97 98 99 116 117 118 119 120 121 122 123 124 125 126 127 112 113 114 115 132 133 134 135 136 137 138 139 140 141 142 143 128 129 130 131 148 149 150 151 152 153 154 155 156 157 158 159 144 145 146 147 164 165 166 167 168 169 170 171 172 173 174 175 160 161 162 163 180 181 182 183 184 185 186 187 188 189 190 191 176 177 178 179 196 197 198 199 200 201 202 203 204 205 206 207 192 193 194 195 212 213 214 215 216 217 218 219 220 221 222 223 208 209 210 211 228 229 230 231 232 233 234 235 236 237 238 239 224 225 226 227 244 245 246 247 248 249 250 251 252 253 254 255 240 241 242 243 260 261 262 263 264 265 266 267 268 269 270 271 256 257 258 259 276 277 278 279 280 281 282 283 284 285 286 287 272 273 274 275 292 293 294 295 296 297 298 299 300 301 302 303 288 289 290 291 308 309 310 311 312 313 314 315 316 317 318 319 304 305 306 307 324 325 326 327 328 329 330 331 332 333 334 335 320 321 322 323 340 341 342 343 344 345 346 347 348 349 350 351 336 337 338 339 356 357 358 359 360 361 362 363 364 365 366 367 352 353 354 355 372 373 374 375 376 377 378 379 380 381 382 383 368 369 370 371 388 389 390 391 392 393 394 395 396 397 398 399 384 385 386 387 404 405 406 407 408 409 410 411 412 413 414 415 400 401 402 403 420 421 422 423 424 425 426 427 428 429 430 431 416 417 418 419 436 437 438 439 440 441 442 443 444 445 446 447 432 433 434 435 452 453 454 455 456 457 458 459 460 461 462 463 448 449 450 451 468 469 470 471 472 473 474 475 476 477 478 479 464 465 466 467 484 485 486 487 488 489 490 491 492 493 494 495 480 481 482 483 500 501 502 503 504 505 506 507 508 509 510 511 496 497 498 499 516 517 518 519 520 521 522 523 524 525 526 527 512 513 514 515 532 533 534 535 536 537 538 539 540 541 542 543 528 529 530 531
c xordecomp X generator: 2dshift-a L=16 (8x2)
c xordecomp X perm: 2 3 4 5 6 7 8 9 10 11 12 13 14 15 0 1 18 19 20 21 22 23 24 25 26 27 28 29 30 31 16 17 34 35 36 37 38 39 40 41 42 43 44 45 46 47 32 33 50 51 52 53 54 55 56 57 58 59 60 61 62 63 48 49 66 67 68 69 70 71 72 73 74 75 76 77 78 79 64 65 82 83 84 85 86 87 88 89 90 91 92 93 94 95 80 81 98 99 100 101 102 103 104 105 106 107 108 109 110 111 96 97 114 115 116 117 118 119 120 121 122 123 124 125 126 127 112 113 130 131 132 133 134 135 136 137 138 139 140 141 142 143 128 129 146 147 148 149 150 151 152 153 154 155 156 157 158 159 144 145 162 163 164 165 166 167 168 169 170 171 172 173 174 175 160 161 178 179 180 181 182 183 184 185 186 187 188 189 190 191 176 177 194 195 196 197 198 199 200 201 202 203 204 205 206 207 192 193 210 211 212 213 214 215 216 217 218 219 220 221 222 223 208 209 226 227 228 229 230 231 232 233 234 235 236 237 238 239 224 225 242 243 244 245 246 247 248 249 250 251 252 253 254 255 240 241 258 259 260 261 262 263 264 265 266 267 268 269 270 271 256 257 274 275 276 277 278 279 280 281 282 283 284 285 286 287 272 273 290 291 292 293 294 295 296 297 298 299 300 301 302 303 288 289 306 307 308 309 310 311 312 313 314 315 316 317 318 319 304 305 322 323 324 325 326 327 328 329 330 331 332 333 334 335 320 321 338 339 340 341 342 343 344 345 346 347 348 349 350 351 336 337 354 355 356 357 358 359 360 361 362 363 364 365 366 367 352 353 370 371 372 373 374 375 376 377 378 379 380 381 382 383 368 369 386 387 388 389 390 391 392 393 394 395 396 397 398 399 384 385 402 403 404 405 406 407 408 409 410 411 412 413 414 415 400 401 418 419 420 421 422 423 424 425 426 427 428 429 430 431 416 417 434 435 436 437 438 439 440 441 442 443 444 445 446 447 432 433 450 451 452 453 454 455 456 457 458 459 460 461 462 463 448 449 466 467 468 469 470 471 472 473 474 475 476 477 478 479 464 465 482 483 484 485 486 487 488 489 490 491 492 493 494 495 480 481 498 499 500 501 502 503 504 505 506 507 508 509 510 511 496 497 514 515 516 517 518 519 520 521 522 523 524 525 526 527 512 513 530 531 532 533 534 535 536 537 538 539 540 541 542 543 528 529
c xordecomp X chosen rows: 0 1 2 3 4
c xordecomp Z half: n=544 k=80 rank(Hpar)=232 candidates=60 verified_generators=4 r=>5 spans=no decision=fallback-OR method=in-order greedy plan_cpu=0.001s
c xordecomp Z generator: blockshift L=16
c xordecomp Z perm: 1 2 3 4 5 6 7 8 9 10 11 12 13 14 15 0 17 18 19 20 21 22 23 24 25 26 27 28 29 30 31 16 33 34 35 36 37 38 39 40 41 42 43 44 45 46 47 32 49 50 51 52 53 54 55 56 57 58 59 60 61 62 63 48 65 66 67 68 69 70 71 72 73 74 75 76 77 78 79 64 81 82 83 84 85 86 87 88 89 90 91 92 93 94 95 80 97 98 99 100 101 102 103 104 105 106 107 108 109 110 111 96 113 114 115 116 117 118 119 120 121 122 123 124 125 126 127 112 129 130 131 132 133 134 135 136 137 138 139 140 141 142 143 128 145 146 147 148 149 150 151 152 153 154 155 156 157 158 159 144 161 162 163 164 165 166 167 168 169 170 171 172 173 174 175 160 177 178 179 180 181 182 183 184 185 186 187 188 189 190 191 176 193 194 195 196 197 198 199 200 201 202 203 204 205 206 207 192 209 210 211 212 213 214 215 216 217 218 219 220 221 222 223 208 225 226 227 228 229 230 231 232 233 234 235 236 237 238 239 224 241 242 243 244 245 246 247 248 249 250 251 252 253 254 255 240 257 258 259 260 261 262 263 264 265 266 267 268 269 270 271 256 273 274 275 276 277 278 279 280 281 282 283 284 285 286 287 272 289 290 291 292 293 294 295 296 297 298 299 300 301 302 303 288 305 306 307 308 309 310 311 312 313 314 315 316 317 318 319 304 321 322 323 324 325 326 327 328 329 330 331 332 333 334 335 320 337 338 339 340 341 342 343 344 345 346 347 348 349 350 351 336 353 354 355 356 357 358 359 360 361 362 363 364 365 366 367 352 369 370 371 372 373 374 375 376 377 378 379 380 381 382 383 368 385 386 387 388 389 390 391 392 393 394 395 396 397 398 399 384 401 402 403 404 405 406 407 408 409 410 411 412 413 414 415 400 417 418 419 420 421 422 423 424 425 426 427 428 429 430 431 416 433 434 435 436 437 438 439 440 441 442 443 444 445 446 447 432 449 450 451 452 453 454 455 456 457 458 459 460 461 462 463 448 465 466 467 468 469 470 471 472 473 474 475 476 477 478 479 464 481 482 483 484 485 486 487 488 489 490 491 492 493 494 495 480 497 498 499 500 501 502 503 504 505 506 507 508 509 510 511 496 513 514 515 516 517 518 519 520 521 522 523 524 525 526 527 512 529 530 531 532 533 534 535 536 537 538 539 540 541 542 543 528
c xordecomp Z generator: 2dshift-a L=16 (2x8)
c xordecomp Z perm: 8 9 10 11 12 13 14 15 0 1 2 3 4 5 6 7 24 25 26 27 28 29 30 31 16 17 18 19 20 21 22 23 40 41 42 43 44 45 46 47 32 33 34 35 36 37 38 39 56 57 58 59 60 61 62 63 48 49 50 51 52 53 54 55 72 73 74 75 76 77 78 79 64 65 66 67 68 69 70 71 88 89 90 91 92 93 94 95 80 81 82 83 84 85 86 87 104 105 106 107 108 109 110 111 96 97 98 99 100 101 102 103 120 121 122 123 124 125 126 127 112 113 114 115 116 117 118 119 136 137 138 139 140 141 142 143 128 129 130 131 132 133 134 135 152 153 154 155 156 157 158 159 144 145 146 147 148 149 150 151 168 169 170 171 172 173 174 175 160 161 162 163 164 165 166 167 184 185 186 187 188 189 190 191 176 177 178 179 180 181 182 183 200 201 202 203 204 205 206 207 192 193 194 195 196 197 198 199 216 217 218 219 220 221 222 223 208 209 210 211 212 213 214 215 232 233 234 235 236 237 238 239 224 225 226 227 228 229 230 231 248 249 250 251 252 253 254 255 240 241 242 243 244 245 246 247 264 265 266 267 268 269 270 271 256 257 258 259 260 261 262 263 280 281 282 283 284 285 286 287 272 273 274 275 276 277 278 279 296 297 298 299 300 301 302 303 288 289 290 291 292 293 294 295 312 313 314 315 316 317 318 319 304 305 306 307 308 309 310 311 328 329 330 331 332 333 334 335 320 321 322 323 324 325 326 327 344 345 346 347 348 349 350 351 336 337 338 339 340 341 342 343 360 361 362 363 364 365 366 367 352 353 354 355 356 357 358 359 376 377 378 379 380 381 382 383 368 369 370 371 372 373 374 375 392 393 394 395 396 397 398 399 384 385 386 387 388 389 390 391 408 409 410 411 412 413 414 415 400 401 402 403 404 405 406 407 424 425 426 427 428 429 430 431 416 417 418 419 420 421 422 423 440 441 442 443 444 445 446 447 432 433 434 435 436 437 438 439 456 457 458 459 460 461 462 463 448 449 450 451 452 453 454 455 472 473 474 475 476 477 478 479 464 465 466 467 468 469 470 471 488 489 490 491 492 493 494 495 480 481 482 483 484 485 486 487 504 505 506 507 508 509 510 511 496 497 498 499 500 501 502 503 520 521 522 523 524 525 526 527 512 513 514 515 516 517 518 519 536 537 538 539 540 541 542 543 528 529 530 531 532 533 534 535
c xordecomp Z generator: 2dshift-a L=16 (4x4)
c xordecomp Z perm: 4 5 6 7 8 9 10 11 12 13 14 15 0 1 2 3 20 21 22 23 24 25 26 27 28 29 30 31 16 17 18 19 36 37 38 39 40 41 42 43 44 45 46 47 32 33 34 35 52 53 54 55 56 57 58 59 60 61 62 63 48 49 50 51 68 69 70 71 72 73 74 75 76 77 78 79 64 65 66 67 84 85 86 87 88 89 90 91 92 93 94 95 80 81 82 83 100 101 102 103 104 105 106 107 108 109 110 111 96 97 98 99 116 117 118 119 120 121 122 123 124 125 126 127 112 113 114 115 132 133 134 135 136 137 138 139 140 141 142 143 128 129 130 131 148 149 150 151 152 153 154 155 156 157 158 159 144 145 146 147 164 165 166 167 168 169 170 171 172 173 174 175 160 161 162 163 180 181 182 183 184 185 186 187 188 189 190 191 176 177 178 179 196 197 198 199 200 201 202 203 204 205 206 207 192 193 194 195 212 213 214 215 216 217 218 219 220 221 222 223 208 209 210 211 228 229 230 231 232 233 234 235 236 237 238 239 224 225 226 227 244 245 246 247 248 249 250 251 252 253 254 255 240 241 242 243 260 261 262 263 264 265 266 267 268 269 270 271 256 257 258 259 276 277 278 279 280 281 282 283 284 285 286 287 272 273 274 275 292 293 294 295 296 297 298 299 300 301 302 303 288 289 290 291 308 309 310 311 312 313 314 315 316 317 318 319 304 305 306 307 324 325 326 327 328 329 330 331 332 333 334 335 320 321 322 323 340 341 342 343 344 345 346 347 348 349 350 351 336 337 338 339 356 357 358 359 360 361 362 363 364 365 366 367 352 353 354 355 372 373 374 375 376 377 378 379 380 381 382 383 368 369 370 371 388 389 390 391 392 393 394 395 396 397 398 399 384 385 386 387 404 405 406 407 408 409 410 411 412 413 414 415 400 401 402 403 420 421 422 423 424 425 426 427 428 429 430 431 416 417 418 419 436 437 438 439 440 441 442 443 444 445 446 447 432 433 434 435 452 453 454 455 456 457 458 459 460 461 462 463 448 449 450 451 468 469 470 471 472 473 474 475 476 477 478 479 464 465 466 467 484 485 486 487 488 489 490 491 492 493 494 495 480 481 482 483 500 501 502 503 504 505 506 507 508 509 510 511 496 497 498 499 516 517 518 519 520 521 522 523 524 525 526 527 512 513 514 515 532 533 534 535 536 537 538 539 540 541 542 543 528 529 530 531
c xordecomp Z generator: 2dshift-a L=16 (8x2)
c xordecomp Z perm: 2 3 4 5 6 7 8 9 10 11 12 13 14 15 0 1 18 19 20 21 22 23 24 25 26 27 28 29 30 31 16 17 34 35 36 37 38 39 40 41 42 43 44 45 46 47 32 33 50 51 52 53 54 55 56 57 58 59 60 61 62 63 48 49 66 67 68 69 70 71 72 73 74 75 76 77 78 79 64 65 82 83 84 85 86 87 88 89 90 91 92 93 94 95 80 81 98 99 100 101 102 103 104 105 106 107 108 109 110 111 96 97 114 115 116 117 118 119 120 121 122 123 124 125 126 127 112 113 130 131 132 133 134 135 136 137 138 139 140 141 142 143 128 129 146 147 148 149 150 151 152 153 154 155 156 157 158 159 144 145 162 163 164 165 166 167 168 169 170 171 172 173 174 175 160 161 178 179 180 181 182 183 184 185 186 187 188 189 190 191 176 177 194 195 196 197 198 199 200 201 202 203 204 205 206 207 192 193 210 211 212 213 214 215 216 217 218 219 220 221 222 223 208 209 226 227 228 229 230 231 232 233 234 235 236 237 238 239 224 225 242 243 244 245 246 247 248 249 250 251 252 253 254 255 240 241 258 259 260 261 262 263 264 265 266 267 268 269 270 271 256 257 274 275 276 277 278 279 280 281 282 283 284 285 286 287 272 273 290 291 292 293 294 295 296 297 298 299 300 301 302 303 288 289 306 307 308 309 310 311 312 313 314 315 316 317 318 319 304 305 322 323 324 325 326 327 328 329 330 331 332 333 334 335 320 321 338 339 340 341 342 343 344 345 346 347 348 349 350 351 336 337 354 355 356 357 358 359 360 361 362 363 364 365 366 367 352 353 370 371 372 373 374 375 376 377 378 379 380 381 382 383 368 369 386 387 388 389 390 391 392 393 394 395 396 397 398 399 384 385 402 403 404 405 406 407 408 409 410 411 412 413 414 415 400 401 418 419 420 421 422 423 424 425 426 427 428 429 430 431 416 417 434 435 436 437 438 439 440 441 442 443 444 445 446 447 432 433 450 451 452 453 454 455 456 457 458 459 460 461 462 463 448 449 466 467 468 469 470 471 472 473 474 475 476 477 478 479 464 465 482 483 484 485 486 487 488 489 490 491 492 493 494 495 480 481 498 499 500 501 502 503 504 505 506 507 508 509 510 511 496 497 514 515 516 517 518 519 520 521 522 523 524 525 526 527 512 513 530 531 532 533 534 535 536 537 538 539 540 541 542 543 528 529
c xordecomp Z chosen rows: 0 1 4 18 34
