c xordecomp X half: n=360 k=4 rank(Hpar)=178 candidates=173 verified_generators=2 r=4 spans=yes decision=fallback-OR method=max-gain greedy plan_cpu=0.000s
c xordecomp X generator: blockshift L=2
c xordecomp X perm: 1 0 3 2 5 4 7 6 9 8 11 10 13 12 15 14 17 16 19 18 21 20 23 22 25 24 27 26 29 28 31 30 33 32 35 34 37 36 39 38 41 40 43 42 45 44 47 46 49 48 51 50 53 52 55 54 57 56 59 58 61 60 63 62 65 64 67 66 69 68 71 70 73 72 75 74 77 76 79 78 81 80 83 82 85 84 87 86 89 88 91 90 93 92 95 94 97 96 99 98 101 100 103 102 105 104 107 106 109 108 111 110 113 112 115 114 117 116 119 118 121 120 123 122 125 124 127 126 129 128 131 130 133 132 135 134 137 136 139 138 141 140 143 142 145 144 147 146 149 148 151 150 153 152 155 154 157 156 159 158 161 160 163 162 165 164 167 166 169 168 171 170 173 172 175 174 177 176 179 178 181 180 183 182 185 184 187 186 189 188 191 190 193 192 195 194 197 196 199 198 201 200 203 202 205 204 207 206 209 208 211 210 213 212 215 214 217 216 219 218 221 220 223 222 225 224 227 226 229 228 231 230 233 232 235 234 237 236 239 238 241 240 243 242 245 244 247 246 249 248 251 250 253 252 255 254 257 256 259 258 261 260 263 262 265 264 267 266 269 268 271 270 273 272 275 274 277 276 279 278 281 280 283 282 285 284 287 286 289 288 291 290 293 292 295 294 297 296 299 298 301 300 303 302 305 304 307 306 309 308 311 310 313 312 315 314 317 316 319 318 321 320 323 322 325 324 327 326 329 328 331 330 333 332 335 334 337 336 339 338 341 340 343 342 345 344 347 346 349 348 351 350 353 352 355 354 357 356 359 358
c xordecomp X generator: 2dshift-a L=10 (5x2)
c xordecomp X perm: 2 3 4 5 6 7 8 9 0 1 12 13 14 15 16 17 18 19 10 11 22 23 24 25 26 27 28 29 20 21 32 33 34 35 36 37 38 39 30 31 42 43 44 45 46 47 48 49 40 41 52 53 54 55 56 57 58 59 50 51 62 63 64 65 66 67 68 69 60 61 72 73 74 75 76 77 78 79 70 71 82 83 84 85 86 87 88 89 80 81 92 93 94 95 96 97 98 99 90 91 102 103 104 105 106 107 108 109 100 101 112 113 114 115 116 117 118 119 110 111 122 123 124 125 126 127 128 129 120 121 132 133 134 135 136 137 138 139 130 131 142 143 144 145 146 147 148 149 140 141 152 153 154 155 156 157 158 159 150 151 162 163 164 165 166 167 168 169 160 161 172 173 174 175 176 177 178 179 170 171 182 183 184 185 186 187 188 189 180 181 192 193 194 195 196 197 198 199 190 191 202 203 204 205 206 207 208 209 200 201 212 213 214 215 216 217 218 219 210 211 222 223 224 225 226 227 228 229 220 221 232 233 234 235 236 237 238 239 230 231 242 243 244 245 246 247 248 249 240 241 252 253 254 255 256 257 258 259 250 251 262 263 264 265 266 267 268 269 260 261 272 273 274 275 276 277 278 279 270 271 282 283 284 285 286 287 288 289 280 281 292 293 294 295 296 297 298 299 290 291 302 303 304 305 306 307 308 309 300 301 312 313 314 315 316 317 318 319 310 311 322 323 324 325 326 327 328 329 320 321 332 333 334 335 336 337 338 339 330 331 342 343 344 345 346 347 348 349 340 341 352 353 354 355 356 357 358 359 350 351
c xordecomp X chosen rows: 0 1 2 3
c xordecomp Z half: n=360 k=4 rank(Hpar)=178 candidates=173 verified_generators=2 r=4 spans=yes decision=fallback-OR method=max-gain greedy plan_cpu=0.001s
c xordecomp Z generator: blockshift L=2
c xordecomp Z perm: 1 0 3 2 5 4 7 6 9 8 11 10 13 12 15 14 17 16 19 18 21 20 23 22 25 24 27 26 29 28 31 30 33 32 35 34 37 36 39 38 41 40 43 42 45 44 47 46 49 48 51 50 53 52 55 54 57 56 59 58 61 60 63 62 65 64 67 66 69 68 71 70 73 72 75 74 77 76 79 78 81 80 83 82 85 84 87 86 89 88 91 90 93 92 95 94 97 96 99 98 101 100 103 102 105 104 107 106 109 108 111 110 113 112 115 114 117 116 119 118 121 120 123 122 125 124 127 126 129 128 131 130 133 132 135 134 137 136 139 138 141 140 143 142 145 144 147 146 149 148 151 150 153 152 155 154 157 156 159 158 161 160 163 162 165 164 167 166 169 168 171 170 173 172 175 174 177 176 179 178 181 180 183 182 185 184 187 186 189 188 191 190 193 192 195 194 197 196 199 198 201 200 203 202 205 204 207 206 209 208 211 210 213 212 215 214 217 216 219 218 221 220 223 222 225 224 227 226 229 228 231 230 233 232 235 234 237 236 239 238 241 240 243 242 245 244 247 246 249 248 251 250 253 252 255 254 257 256 259 258 261 260 263 262 265 264 267 266 269 268 271 270 273 272 275 274 277 276 279 278 281 280 283 282 285 284 287 286 289 288 291 290 293 292 295 294 297 296 299 298 301 300 303 302 305 304 307 306 309 308 311 310 313 312 315 314 317 316 319 318 321 320 323 322 325 324 327 326 329 328 331 330 333 332 335 334 337 336 339 338 341 340 343 342 345 344 347 346 349 348 351 350 353 352 355 354 357 356 359 358
c xordecomp Z generator: 2dshift-a L=10 (5x2)
c xordecomp Z perm: 2 3 4 5 6 7 8 9 0 1 12 13 14 15 16 17 18 19 10 11 22 23 24 25 26 27 28 29 20 21 32 33 34 35 36 37 38 39 30 31 42 43 44 45 46 47 48 49 40 41 52 53 54 55 56 57 58 59 50 51 62 63 64 65 66 67 68 69 60 61 72 73 74 75 76 77 78 79 70 71 82 83 84 85 86 87 88 89 80 81 92 93 94 95 96 97 98 99 90 91 102 103 104 105 106 107 108 109 100 101 112 113 114 115 116 117 118 119 110 111 122 123 124 125 126 127 128 129 120 121 132 133 134 135 136 137 138 139 130 131 142 143 144 145 146 147 148 149 140 141 152 153 154 155 156 157 158 159 150 151 162 163 164 165 166 167 168 169 160 161 172 173 174 175 176 177 178 179 170 171 182 183 184 185 186 187 188 189 180 181 192 193 194 195 196 197 198 199 190 191 202 203 204 205 206 207 208 209 200 201 212 213 214 215 216 217 218 219 210 211 222 223 224 225 226 227 228 229 220 221 232 233 234 235 236 237 238 239 230 231 242 243 244 245 246 247 248 249 240 241 252 253 254 255 256 257 258 259 250 251 262 263 264 265 266 267 268 269 260 261 272 273 274 275 276 277 278 279 270 271 282 283 284 285 286 287 288 289 280 281 292 293 294 295 296 297 298 299 290 291 302 303 304 305 306 307 308 309 300 301 312 313 314 315 316 317 318 319 310 311 322 323 324 325 326 327 328 329 320 321 332 333 334 335 336 337 338 339 330 331 342 343 344 345 346 347 348 349 340 341 352 353 354 355 356 357 358 359 350 351
c xordecomp Z chosen rows: 0 1 2 3
